972
20
-10 -28 -20
-10 -28 20
2 20 -36
2 20 36
-19 -25 -14
-19 -25 14
5 -7 -46
5 -7 46
11 35 -12
11 35 12
8 20 -30
8 20 30
-1 5 -52
-1 5 52
32 20 -6
32 20 6
32 -22 -4
32 -22 4
-37 -13 -8
-37 -13 8
-22 8 -28
-22 8 28
11 -37 -10
11 -37 10
2 -22 -34
2 -22 34
17 23 -18
17 23 18
-28 14 -16
-28 14 16
-19 29 -10
-19 29 10
47 5 -6
47 5 6
44 2 -12
44 2 12
-46 -10 -2
-46 -10 2
8 -22 -28
8 -22 28
17 17 -24
17 17 24
0 -1 -3
0 -1 3
0 1 -3
0 1 3
2 -1 -2
-2 -1 -2
-2 1 -2
0 1 0
2 1 -2
2 -1 2
-2 -1 0
-2 1 2
0 1 2
2 1 0
0 -1 -2
2 1 2
-2 -1 2
0 -1 2
0 -1 0
-2 1 0
0 1 -2
2 -1 0
-13 -43 -2
-13 -43 2
2 -16 -40
2 -16 40
-3 0 0
-3 -2 0
3 0 0
-3 0 -2
-3 2 0
3 -2 0
3 0 2
-3 0 2
3 0 -2
3 2 0
0 -1 -1
-2 -1 -1
2 -1 1
-2 1 1
2 1 -1
-2 -1 1
0 1 1
-2 1 -1
2 -1 -1
0 -1 1
0 1 -1
2 1 1
-13 41 -4
-13 41 4
11 29 -18
11 29 18
8 -16 -34
8 -16 34
32 -16 -10
32 -16 10
23 -31 -4
23 -31 4
0 -1 -4
0 -1 4
0 1 -4
0 1 4
-34 -4 -20
-34 -4 20
-49 -1 -8
-49 -1 8
17 -19 -22
17 -19 22
41 -13 -4
41 -13 4
-4 -4 -50
-4 -4 50
-19 23 -16
-19 23 16
26 -10 -22
26 -10 22
17 -1 -40
17 -1 40
-46 8 -4
-46 8 4
11 -31 -16
11 -31 16
-7 -13 -38
-7 -13 38
-16 -4 -38
-16 -4 38
-37 11 -10
-37 11 10
-10 26 -22
-10 26 22
23 35 0
8 -28 -22
8 -28 22
-1 -7 -50
-1 -7 50
38 8 -12
38 8 12
-7 -19 -32
-7 -19 32
-19 -37 -2
-19 -37 2
-10 -40 -8
-10 -40 8
2 -28 -28
2 -28 28
-52 -4 -2
-52 -4 2
26 -16 -16
26 -16 16
-10 -46 -2
-10 -46 2
17 -31 -10
17 -31 10
-10 44 -4
-10 44 4
-28 20 -10
-28 20 10
-37 17 -4
-37 17 4
29 5 -24
29 5 24
47 -7 -4
47 -7 4
-37 -19 -2
-37 -19 2
20 -10 -28
20 -10 28
2 32 -24
2 32 24
5 11 -42
5 11 42
-2 0 1
-2 -2 1
0 0 1
2 -2 -1
-2 2 -1
2 2 1
-2 -2 -1
2 2 -1
-2 2 1
0 -2 -1
0 2 1
2 0 -1
2 -2 1
0 0 -1
-2 0 -1
2 0 1
0 -2 1
0 2 -1
17 35 -6
17 35 6
-37 -1 -20
-37 -1 20
-28 -22 -8
-28 -22 8
41 17 0
-10 32 -16
-10 32 16
17 -25 -16
17 -25 16
11 41 -6
11 41 6
-28 -16 -14
-28 -16 14
-19 -31 -8
-19 -31 8
-10 -34 -14
-10 -34 14
11 -43 -4
11 -43 4
-31 5 -22
-31 5 22
8 26 -24
8 26 24
20 8 -30
20 8 30
11 47 0
-22 -10 -26
-22 -10 26
-7 17 -34
-7 17 34
26 14 -18
26 14 18
32 26 0
2 26 -30
2 26 30
17 29 -12
17 29 12
-19 35 -4
-19 35 4
-40 2 -16
-40 2 16
-43 5 -10
-43 5 10
-7 -1 -50
-7 -1 50
-10 2 -46
-10 2 46
14 -4 -40
14 -4 40
41 -1 -16
41 -1 16
-10 38 -10
-10 38 10
23 17 -18
23 17 18
-46 -4 -8
-46 -4 8
35 23 0
-13 23 -22
-13 23 22
-1 -43 -14
-1 -43 14
-10 14 -34
-10 14 34
-1 47 -10
-1 47 10
-40 14 -4
-40 14 4
-4 44 -10
-4 44 10
41 -7 -10
41 -7 10
2 -10 -46
2 -10 46
14 -28 -16
14 -28 16
-1 -3 1
-1 -3 -1
-1 3 -1
-1 3 1
1 -3 -1
1 3 1
1 -3 1
1 3 -1
11 17 -30
11 17 30
-1 -49 -8
-1 -49 8
23 -19 -16
23 -19 16
23 -1 -34
23 -1 34
-4 -46 -8
-4 -46 8
17 11 -30
17 11 30
32 -10 -16
32 -10 16
-19 -13 -26
-19 -13 26
8 -10 -40
8 -10 40
-25 23 -10
-25 23 10
-7 -7 -44
-7 -7 44
-13 -25 -20
-13 -25 20
11 -1 -46
11 -1 46
-4 50 -4
-4 50 4
-1 -3 0
-1 3 0
1 -3 0
1 3 0
-22 -4 -32
-22 -4 32
44 14 0
-25 17 -16
-25 17 16
-3 -1 0
-3 1 0
3 -1 0
3 1 0
5 53 0
35 -19 -4
35 -19 4
-4 0 0
4 0 0
-13 -19 -26
-13 -19 26
-16 32 -10
-16 32 10
-1 35 -22
-1 35 22
-3 -1 -1
-3 -1 1
3 -1 -1
3 -1 1
-3 1 -1
3 1 1
-3 1 1
3 1 -1
50 -4 -4
50 -4 4
-13 -1 44
-13 -1 -44
-4 0 -1
-4 0 1
4 0 -1
4 0 1
1 0 -4
-1 0 4
-1 0 -4
1 0 4
-4 32 -22
-4 32 22
-37 5 -16
-37 5 16
-1 -37 -20
-1 -37 20
-34 2 -22
-34 2 22
2 8 -48
2 8 48
-16 -34 -8
-16 -34 8
-4 -34 -20
-4 -34 20
35 -1 -22
35 -1 22
-4 2 -52
-4 2 52
-16 38 -4
-16 38 4
-4 38 -16
-4 38 16
-25 -19 -14
-25 -19 14
32 8 -18
32 8 18
-25 -1 -32
-25 -1 32
-19 11 -28
-19 11 28
8 8 -42
8 8 42
-4 -40 -14
-4 -40 14
-16 2 -40
-16 2 40
-1 41 -16
-1 41 16
-16 -40 -2
-16 -40 2
29 29 0
14 26 -18
14 26 18
-25 -31 -2
-25 -31 2
-19 17 -22
-19 17 22
2 14 -42
2 14 42
23 -25 -10
23 -25 10
11 23 -24
11 23 24
-13 35 -10
-13 35 10
32 14 -12
32 14 12
8 14 -36
8 14 36
-10 20 -28
-10 20 28
38 -4 -16
38 -4 16
14 44 0
-52 2 -4
-52 2 4
26 8 -24
26 8 24
41 11 -6
41 11 6
-13 -37 -8
-13 -37 8
-19 -19 -20
-19 -19 20
53 -1 -4
53 -1 4
5 5 -48
5 5 48
-28 -10 -20
-28 -10 20
11 -25 -22
11 -25 22
-19 -1 -38
-19 -1 38
-7 11 -40
-7 11 40
-3 0 -1
-3 0 1
3 0 -1
3 0 1
23 29 -6
23 29 6
-10 -22 -26
-10 -22 26
50 8 0
-1 -4 0
1 4 0
-1 4 0
1 -4 0
-40 -16 -2
-40 -16 2
-1 -55 -2
-1 -55 2
14 32 -12
14 32 12
11 -19 -28
11 -19 28
-25 -25 -8
-25 -25 8
-4 -52 -2
-4 -52 2
-1 53 -4
-1 53 4
-13 29 -16
-13 29 16
-37 -7 -14
-37 -7 14
-10 -16 -32
-10 -16 32
14 -34 -10
14 -34 10
-28 8 -22
-28 8 22
23 23 -12
23 23 12
56 2 0
17 -13 -28
17 -13 28
14 -40 -4
14 -40 4
14 2 -42
14 2 42
-13 -31 -14
-13 -31 14
-25 29 -4
-25 29 4
14 38 -6
14 38 6
20 -4 -34
20 -4 34
47 -1 -10
47 -1 10
17 5 -36
17 5 36
20 -28 -10
20 -28 10
-4 20 -34
-4 20 34
-31 17 -10
-31 17 10
-22 -34 -2
-22 -34 2
-34 -22 -2
-34 -22 2
-22 32 -4
-22 32 4
-13 11 -34
-13 11 34
14 14 -30
14 14 30
44 8 -6
44 8 6
-16 20 -22
-16 20 22
-46 2 -10
-46 2 10
5 29 -24
5 29 24
35 11 -12
35 11 12
-49 5 -4
-49 5 4
-4 -22 -32
-4 -22 32
-1 23 -34
-1 23 34
-31 -1 -26
-31 -1 26
-25 11 -22
-25 11 22
-31 -19 -8
-31 -19 8
-22 2 -34
-22 2 34
5 -31 -22
5 -31 22
-16 -22 -20
-16 -22 20
-22 -28 -8
-22 -28 8
53 5 0
23 -7 -28
23 -7 28
-1 1 3
1 -1 3
1 1 -3
-1 -1 3
-1 1 -3
1 -1 -3
1 1 3
-1 -1 -3
1 -1 -2
-1 -1 2
1 -1 0
-1 1 0
-1 1 -2
1 1 2
-1 -1 -2
-1 1 2
1 -1 2
1 1 -2
-1 -1 0
1 1 0
-16 -16 -26
-16 -16 26
2 -4 -52
2 -4 52
5 -25 -28
5 -25 28
-4 -16 -38
-4 -16 38
-1 17 -40
-1 17 40
-19 5 -34
-19 5 34
-4 -1 0
-4 1 0
4 -1 0
4 1 0
50 2 -6
50 2 6
-34 20 -4
-34 20 4
8 -4 -46
8 -4 46
11 -7 -40
11 -7 40
-1 -1 -56
-1 -1 56
29 -13 -16
29 -13 16
0 -5 0
0 5 0
20 26 -12
20 26 12
-1 -19 -38
-1 -19 38
32 -4 -22
32 -4 22
17 -7 -34
17 -7 34
-4 -28 -26
-4 -28 26
-1 29 -28
-1 29 28
-49 -7 -2
-49 -7 2
11 11 -36
11 11 36
5 41 -12
5 41 12
41 5 -12
41 5 12
29 23 -6
29 23 6
14 20 -24
14 20 24
38 2 -18
38 2 18
5 -43 -10
5 -43 10
-16 -28 -14
-16 -28 14
5 47 -6
5 47 6
-13 17 -28
-13 17 28
-1 -31 -26
-1 -31 26
-7 5 -46
-7 5 46
-10 -10 -38
-10 -10 38
23 -13 -22
23 -13 22
-40 -10 -8
-40 -10 8
-1 0 -3
1 0 3
-1 0 3
1 0 -3
11 -13 -34
11 -13 34
-1 2 0
1 -2 2
-1 2 2
1 2 -2
-1 -2 0
-1 0 2
1 0 -2
-1 2 -2
1 0 0
1 2 2
-1 -2 2
1 -2 -2
1 2 0
1 -2 0
1 0 2
-1 0 -2
-1 -2 -2
-1 0 0
29 -25 -4
29 -25 4
5 -49 -4
5 -49 4
35 17 -6
35 17 6
14 -22 -22
14 -22 22
1 -2 -1
-1 -2 -1
1 -2 1
-1 -2 1
1 0 -1
-1 2 -1
-1 0 -1
1 0 1
1 2 1
-1 0 1
1 2 -1
-1 2 1
26 -4 -28
26 -4 28
35 -13 -10
35 -13 10
-19 -7 -32
-19 -7 32
-1 -25 -32
-1 -25 32
29 17 -12
29 17 12
-5 0 0
5 0 0
20 32 -6
20 32 6
-13 -13 -32
-13 -13 32
-31 23 -4
-31 23 4
14 -16 -28
14 -16 28
44 -10 -4
44 -10 4
5 35 -18
5 35 18
20 -34 -4
20 -34 4
-43 -1 -14
-43 -1 14
-4 26 -28
-4 26 28
5 -37 -16
5 -37 16
20 38 0
-40 8 -10
-40 8 10
-10 8 -40
-10 8 40
23 11 -24
23 11 24
29 -1 -28
29 -1 28
29 -19 -10
29 -19 10
-25 -13 -20
-25 -13 20
20 2 -36
20 2 36
-31 -25 -2
-31 -25 2
-28 -4 -26
-28 -4 26
-16 26 -16
-16 26 16
29 -7 -22
29 -7 22
-34 -10 -14
-34 -10 14
-28 -28 -2
-28 -28 2
8 -40 -10
8 -40 10
-22 -16 -20
-22 -16 20
2 -46 -10
2 -46 10
-4 -10 -44
-4 -10 44
8 44 -6
8 44 6
-7 29 -22
-7 29 22
2 44 -12
2 44 12
-25 5 -28
-25 5 28
44 -4 -10
44 -4 10
26 26 -6
26 26 6
-1 11 -46
-1 11 46
8 -46 -4
8 -46 4
-16 -10 -32
-16 -10 32
20 14 -24
20 14 24
0 3 2
0 3 -2
-2 -3 0
2 3 0
-2 3 0
0 -3 2
2 -3 0
0 3 0
0 -3 -2
0 -3 0
-7 -31 -20
-7 -31 20
8 50 0
0 -3 -1
0 -3 1
0 3 -1
0 3 1
2 50 -6
2 50 6
38 14 -6
38 14 6
8 32 -18
8 32 18
0 0 4
0 0 -4
-34 8 -16
-34 8 16
-31 -7 -20
-31 -7 20
0 0 -5
0 0 5
2 -34 -22
2 -34 22
-2 0 3
2 0 -3
0 -2 -3
0 2 3
0 0 3
0 0 -3
-2 0 -3
2 0 3
0 -2 3
0 2 -3
17 -37 -4
17 -37 4
38 -10 -10
38 -10 10
-2 -2 0
-2 0 0
0 0 -2
-2 0 2
2 2 0
0 -2 -2
0 0 2
0 -2 0
2 0 0
0 0 0
2 0 -2
0 2 2
0 2 0
-2 0 -2
0 -2 2
0 2 -2
2 -2 0
2 0 2
-2 2 0
-7 23 -28
-7 23 28
17 41 0
-7 -25 -26
-7 -25 26
-4 8 -46
-4 8 46
26 20 -12
26 20 12
8 -34 -16
8 -34 16
-13 5 -40
-13 5 40
-28 26 -4
-28 26 4
-16 8 -34
-16 8 34
2 2 -54
2 2 54
2 38 -18
2 38 18
-22 14 -22
-22 14 22
32 2 -24
32 2 24
35 5 -18
35 5 18
8 2 -48
8 2 48
26 -22 -10
26 -22 10
-43 -7 -8
-43 -7 8
5 -13 -40
5 -13 40
2 -40 -16
2 -40 16
8 38 -12
8 38 12
-25 -7 -26
-25 -7 26
-7 41 -10
-7 41 10
-43 11 -4
-43 11 4
5 -19 -34
5 -19 34
20 20 -18
20 20 18
-4 14 -40
-4 14 40
-7 -43 -8
-7 -43 8
-7 47 -4
-7 47 4
14 -10 -34
14 -10 34
29 11 -18
29 11 18
38 20 0
-16 14 -28
-16 14 28
-31 -13 -14
-31 -13 14
-43 -13 -2
-43 -13 2
5 23 -30
5 23 30
26 2 -30
26 2 30
0 4 0
0 -4 0
-1 -1 -1
1 -1 1
1 1 -1
-1 1 1
-1 -1 1
-1 1 -1
1 -1 -1
1 1 1
-34 -16 -8
-34 -16 8
20 -22 -16
20 -22 16
-7 -49 -2
-7 -49 2
-22 26 -10
-22 26 10
0 -4 1
0 4 -1
0 -4 -1
0 4 1
26 -28 -4
26 -28 4
47 11 0
2 -52 -4
2 -52 4
-7 35 -16
-7 35 16
20 -16 -22
20 -16 22
-22 20 -16
-22 20 16
2 56 0
23 5 -30
23 5 30
-10 -4 -44
-10 -4 44
-13 -7 -38
-13 -7 38
11 5 -42
11 5 42
-7 -37 -14
-7 -37 14
-31 11 -16
-31 11 16
14 8 -36
14 8 36
-1 -13 -44
-1 -13 44
5 17 -36
5 17 36
26 32 0
-55 -1 -2
-55 -1 2
-28 2 -28
-28 2 28
-34 14 -10
-34 14 10
35 -7 -16
35 -7 16
5 -1 -52
5 -1 52
-22 -22 -14
-22 -22 14
38 -16 -4
38 -16 4
-40 -4 -14
-40 -4 14