937
7
-116 -133 14
89 112 34
-47 29 92
-131 -62 -78
40 -148 -41
-58 -22 -17
-28 86 44
30 43 85
118 -17 -32
-60 48 -39
51 -75 57
-42 80 63
-79 6 7
43 -146 56
-118 26 28
-2 -123 13
-32 -65 -31
60 78 -75
95 -29 40
-53 36 -92
-79 48 -71
66 -108 10
32 -42 -95
-82 100 -50
-8 -85 -48
-55 -59 94
106 149 -78
-39 138 -44
-79 82 93
2 140 -58
69 30 -91
102 144 -70
-94 -92 64
-87 150 59
-54 -24 40
77 129 53
27 39 58
-85 -55 -91
-115 -135 2
-116 -133 14
125 -127 49
-133 -108 19
110 -20 82
4 118 -46
23 28 -15
117 110 32
26 -88 -47
-123 -9 61
71 -77 83
79 -52 85
60 -119 58
-97 71 75
86 120 57
61 45 57
-8 -75 41
-39 128 46
-130 149 22
7 -63 -19
56 -104 -11
31 -36 -65
121 -25 54
-115 -110 -39
124 -125 22
-106 -81 33
-140 -85 2
-36 65 21
-19 -80 44
-88 -45 -68
34 90 -19
24 -140 20
-26 -94 -65
-62 32 -78
-93 72 -43
54 26 36
123 -135 -84
125 -7 69
124 73 -86
-88 -115 87
135 92 58
-134 86 12
-21 -41 52
-7 50 35
81 123 -8
142 64 -44
108 -60 10
9 -87 -100
-112 27 -44
-16 -103 -65
-33 94 -65
126 40 68
-101 -63 38
88 97 -79
-128 71 -12
32 -42 -28
-60 -76 52
-96 87 -43
67 -109 5
-145 -75 -89
-148 -61 -56
-27 32 11
147 79 -16
92 72 68
26 -7 73
-14 -33 68
-53 -147 3
85 1 46
-124 -149 -74
40 127 -84
-103 -137 24
38 22 -81
-27 -7 -88
70 89 -24
-138 -120 34
-11 146 92
78 -88 -1
54 139 -70
-128 -127 52
60 -63 -85
-67 -16 -17
-60 -103 94
127 86 -20
-96 148 20
92 -86 -48
-130 -21 79
94 67 -25
-54 141 -60
77 -120 6
92 -104 26
148 35 36
-111 107 11
-13 104 -19
81 -76 -17
-71 90 -20
131 -51 39
53 47 37
138 -106 -87
101 -143 49
17 -142 16
-58 -107 22
137 135 98
-145 62 -12
62 -23 -12
-145 -75 22
-138 27 85
5 79 64
-36 -49 79
-76 -55 -8
91 115 79
-6 -96 -30
76 -28 17
-5 -50 49
81 -34 19
134 15 99
113 -81 -25
90 -77 78
138 73 65
-52 -95 -35
-103 -63 92
-127 86 63
-140 47 89
-59 -34 99
22 145 -76
-70 -91 -99
-86 -114 -83
-75 101 83
-106 71 81
-73 -32 81
137 -131 -50
70 65 62
103 44 50
-42 -72 4
61 1 -40
-34 10 44
107 -60 68
-65 61 82
74 -18 60
65 17 -60
149 106 -23
-125 -76 88
-57 49 -25
103 -120 59
29 -75 -23
41 -58 -69
-31 -143 -77
-142 -21 -58
80 32 -94
49 -79 -40
-113 -92 -35
-104 -51 -76
134 137 -13
-13 65 56
-97 -7 38
49 -84 -57
30 -87 60
-1 -49 -10
-53 68 -24
96 -103 -20
66 57 -17
74 8 10
64 136 93
141 34 -52
147 43 -24
81 101 99
-118 20 -78
128 131 23
70 -126 -6
77 129 -57
-10 -62 90
150 104 18
50 -46 92
59 141 19
-10 103 11
-143 44 -11
86 -47 -57
-72 9 -41
-7 -134 83
-125 -90 45
58 -77 84
-144 70 -73
3 146 -72
-120 59 -51
123 -17 66
-42 85 29
71 140 4
-113 59 -43
37 -88 -41
-127 -62 -23
-146 0 84
-47 50 -2
143 -125 -56
-51 58 0
-50 39 58
-146 -37 -39
-46 -51 -79
-101 100 -77
-8 -78 29
45 -81 -26
-54 4 -74
69 -73 -82
18 -108 -88
-53 -97 42
21 -129 61
102 -82 -4
79 -78 39
-3 -7 -55
79 -143 95
-127 2 95
126 82 92
45 127 -35
132 -4 -22
91 125 -46
-66 -144 -54
149 -107 -97
-56 104 -83
13 -7 -57
128 -65 88
-114 -70 -81
-45 124 48
136 -18 33
141 7 4
56 36 33
129 -101 71
-141 127 52
143 41 74
97 127 59
-27 126 9
-141 146 -78
137 142 34
150 -14 13
48 -53 -97
35 12 100
-105 -52 -72
-104 -44 37
-146 141 -49
-29 127 16
-78 -106 -42
54 15 -69
81 -102 52
-134 76 64
27 62 -14
-79 124 -12
112 75 -47
-61 73 -54
-5 51 73
101 140 91
25 -36 -33
87 -126 -29
-89 107 -70
134 -56 91
73 -119 24
-38 125 73
-28 2 -88
-140 13 36
134 -60 15
24 64 86
-141 116 -38
-134 -146 -19
-107 150 -30
98 123 -10
145 18 4
30 -50 20
-34 -26 24
-64 -4 -68
73 100 33
79 -74 66
-77 -148 -81
56 -42 -39
-138 42 35
-50 148 34
10 65 76
-95 142 89
142 -55 48
109 -42 17
131 54 80
44 63 47
-18 -129 -1
-144 -52 -38
-149 22 -44
-112 -24 89
19 43 89
-108 -136 47
-59 -124 79
-78 -53 46
-66 -38 -81
-26 69 -50
115 26 72
-15 -137 -32
2 80 38
52 -103 -54
131 -71 -77
114 122 69
102 107 -79
79 -68 92
134 125 62
125 130 26
-5 -122 -71
71 -19 -57
26 42 -72
123 -118 -21
-21 103 80
-148 142 -84
-24 -117 -43
-13 -97 88
37 98 -38
-111 -8 -42
-42 65 -28
62 123 -48
-31 -70 -27
40 -77 52
79 -51 -47
-81 -46 48
-24 -24 -99
-86 119 100
-149 -89 -37
98 138 -95
11 89 2
73 -64 50
52 -44 90
149 -34 -84
-20 -16 -61
13 -99 37
-52 100 -77
106 132 -19
-57 79 25
75 -25 82
-46 126 -1
36 142 40
-31 112 47
15 92 98
-114 48 -26
-73 50 -21
99 104 41
121 79 71
147 23 -58
70 -31 62
63 149 -6
-103 -112 -16
-89 64 3
128 144 10
0 62 -1
-97 -33 19
-122 48 42
-141 -140 -46
-127 -119 57
89 -34 63
146 -146 9
3 67 8
-49 85 -82
-135 88 -22
-96 -55 1
129 -5 -46
114 -79 14
-17 2 -22
89 -31 68
-27 -80 13
104 102 37
-34 131 -50
56 46 74
-71 -85 -30
-12 102 -94
-149 -80 -39
-45 -108 -92
115 122 -10
-143 -115 79
63 46 -32
-53 -118 -14
61 -104 59
-19 -93 41
-79 120 -56
65 148 40
-109 141 25
81 114 2
86 4 -19
74 -7 -16
32 116 88
-120 59 -51
70 16 -4
-26 -120 18
-82 138 -68
40 80 7
135 22 -2
-88 65 -67
-14 -39 -14
-134 122 33
3 67 98
7 150 64
118 -8 -36
64 -34 93
12 -79 87
31 143 -18
95 33 91
80 -118 -8
124 -68 -60
-77 107 -2
-116 -131 18
45 -67 93
-75 60 29
-124 25 -26
-89 39 -87
97 -13 -34
-102 -19 -26
-137 103 0
-96 17 -43
96 -65 -99
39 129 60
-26 -46 -29
-122 -49 35
-4 -74 -96
139 -57 -73
61 -128 48
-21 121 -48
-45 -25 -2
106 -131 -71
97 -146 -7
95 -45 10
-33 101 8
139 -97 33
140 -36 -38
148 78 84
50 -36 -95
-90 -87 46
-14 -142 41
80 18 -80
-55 -38 -91
-27 47 72
145 94 14
30 -69 -45
-87 28 53
-150 -139 -26
42 93 -2
-27 17 39
91 96 -48
138 6 -56
-110 127 89
-90 -121 -100
115 -117 -41
-79 -18 39
66 10 -58
40 20 -21
-62 31 -77
49 -45 69
-60 -92 94
-61 89 -78
-9 -4 -29
-119 63 -71
-142 145 -22
6 114 75
-112 86 16
80 89 25
-66 -129 54
-66 42 -38
-45 -142 -52
-107 -50 6
-94 -24 -25
-118 -144 -13
-103 -38 -75
-96 51 29
-91 140 46
-124 43 34
-102 -66 92
-99 -106 -69
-10 -134 41
123 105 26
92 -127 -60
49 -115 -59
-13 -77 -78
115 -109 -19
115 98 -12
100 110 72
2 -125 -95
0 -123 -92
-9 -134 -87
-75 97 -50
114 129 -6
-114 143 27
-125 2 -28
-38 -49 -86
-126 -108 36
32 -15 60
53 58 62
-50 35 -75
-8 81 -62
60 -142 -22
-21 1 -69
-81 77 54
-82 -62 53
-5 23 68
117 82 -6
0 76 66
-90 -53 3
-113 64 -68
84 -100 -98
-150 -106 89
-62 -62 -60
-64 49 -39
80 -128 2
39 26 -6
27 -110 2
99 -67 -82
55 -144 -1
54 -8 -61
41 17 -46
-31 -75 63
-64 -59 40
41 98 43
25 113 38
-79 37 -84
-78 -122 -47
-140 37 32
-31 62 42
-118 91 -12
54 -149 99
-133 73 32
-32 -100 76
-16 47 -83
-149 -114 90
60 31 -64
-68 -83 59
-19 -144 -53
-134 12 82
41 39 -84
85 -63 -70
103 94 -26
64 56 -68
85 124 0
122 -49 -30
-106 144 30
-2 -137 -75
-105 106 -52
38 -110 -62
-54 44 -24
-3 -134 -20
-45 134 8
59 118 70
68 -38 59
-20 5 -40
-132 -32 -2
-82 -102 -15
-131 0 -4
88 135 -51
122 -82 71
115 -109 -19
84 -19 42
10 -19 0
15 -121 -89
-38 105 -30
-124 -136 38
-89 -22 52
-76 -119 -27
122 -25 -25
9 117 33
29 -131 58
10 -35 -17
73 130 -43
2 13 -55
-129 -23 -9
137 26 31
-39 -102 46
-68 -10 91
42 90 92
146 -101 51
-58 7 -13
123 -52 86
-43 48 56
100 23 84
-49 106 19
-7 -61 -43
-19 29 92
-84 -18 91
-91 11 79
-117 -83 62
-84 -42 -56
-61 -3 -33
138 -26 -17
44 -120 44
-87 -84 67
-2 -84 48
40 29 -70
-98 -102 87
-54 124 54
16 114 71
-93 64 56
17 -51 67
123 -75 46
-16 -7 59
2 61 100
-86 -44 -81
60 139 -16
-59 23 -43
-56 123 77
-9 -139 -1
-16 -43 39
129 -107 29
60 -51 36
92 -9 -4
-126 73 78
-91 71 82
-122 -27 -96
53 -67 -61
62 -115 51
-136 55 -89
53 135 61
150 -55 -87
147 -71 36
-18 136 -5
124 -57 6
11 119 65
-126 33 86
-110 -148 30
115 -91 35
-19 -65 -8
73 -95 -66
-98 -135 -99
-107 -6 58
-115 -111 10
-62 -12 47
-140 50 -95
-125 63 -99
-135 -15 -15
-101 -144 -91
85 -117 -56
-111 -138 89
-32 -18 -52
-70 40 14
26 -105 97
84 150 16
-1 94 70
-114 -44 -56
95 -82 38
-106 73 71
-11 -102 -85
126 -48 5
89 88 17
-90 86 15
-139 62 -12
-22 147 71
-145 96 -87
-106 89 -30
-7 -3 -78
72 -70 -93
-100 144 38
-25 -8 -56
-114 -4 -59
14 -103 89
43 -93 -6
105 -137 -43
-71 56 9
90 -138 -63
105 -46 31
-81 33 -39
-46 56 77
25 93 68
-93 16 -94
-76 -24 91
122 -21 45
69 -110 -34
123 126 72
-150 143 14
113 1 -82
134 -106 58
104 -51 -64
0 0 0
-99 120 31
59 110 64
88 41 49
130 142 -86
26 104 90
57 24 -86
111 77 -69
74 74 -51
-96 142 -11
1000 -40 68
54 -102 -62
-61 149 -7
-7 79 -22
77 -54 40
-53 -39 -71
84 -34 -76
150 73 -41
149 -133 43
-36 -12 -86
-86 89 -51
117 -111 68
-59 -143 30
10 -71 13
-25 -15 91
68 -107 98
-16 -99 -46
-144 -13 1000
-83 149 -96
-96 100 -3
-99 -69 -31
-84 -58 22
-13 126 -70
47 18 -65
-134 -121 -75
65 -132 34
17 49 -82
139 131 -73
54 55 -5
44 28 -65
47 23 99
113 -43 -24
-30 143 -56
100 -96 89
34 67 13
39 -7 -54
80 -96 -7
-136 -800 13
-55 118 79
-19 -116 -27
-22 -75 39
-8 -13 -34
54 -137 92
-133 73 35
-99 -44 90
-15 -104 38
111 -76 86
-70 87 33
-130 -128 -12
76 -61 59
38 69 -65
43 130 28
24 103 -22
141 -60 95
118 -80 36
-50 -79 81
86 104 69
136 -67 7
14 23 42
-112 60 30
-89 -39 -26
-83 116 -59
100 146 50
-92 56 16
-90 82 -70
-129 -132 -46
90 -88 85
-58 -92 25
119 -17 -47
5 150 7
-134 -48 16
-62 38 -59
-135 139 4
-125 -115 52
-12 80 -62
-44 131 -29
-13 148 64
-140 -63 -96
13 20 -52
-111 48 58
-32 -4 59
-47 145 -56
-49 -76 44
40 -55 62
40 -103 30
-58 137 58
-87 99 -49
-50 -43 -26
-55 38 -66
124 148 -80
149 106 77
78 28 42
-87 -63 -5
-84 -98 58
-64 8 9
-55 -40 -12
137 124 36
102 -44 -99
-116 -135 59
147 -19 45
-71 -110 -800
149 -128 70
-138 72 -80
-27 126 84
22 -3 47
-29 129 0
-57 95 -64
-62 104 -87
0 -144 35
-3 -113 -83
-86 -123 27
80 -33 -81
-146 43 59
-131 -75 39
135 -117 19
52 37 -30
107 39 80
-21 20 -24
-112 -42 50
-8 -98 -97
-59 -33 -80
34 0 -91
81 -46 57
45 -7 -91
-108 6 100
-138 52 84
-137 89 30
-119 -144 76
31 -50 -43
121 26 62
-15 -61 81
-107 74 94
-114 109 66
7 -20 -96
-32 104 3
18 -72 -29
64 112 14
-48 -75 -86
11 90 57
23 54 -59
25 24 0
76 119 76
3 21 -43
-147 -3 93
62 -88 -63
-109 62 75
40 -39 -67
78 -43 49
-78 39 -15
140 82 6
112 3 -89
55 -59 -87
-63 26 52
-96 143 32
33 -73 85
-129 -124 45
-4 -119 5
-127 -122 -68
-133 -69 99
-78 -131 -29
110 149 37
0 -112 79
66 -138 94
120 -42 -33
-10 85 -52
46 -57 -18
17 -39 -59
59 18 -59
37 72 -62
81 112 -29
70 55 90
59 8 19
-95 97 77
-9 126 -25
73 -8 86
-79 -105 -97
47 33 -11
-135 -47 -86
-113 -47 4
-40 -138 74
-130 -18 -53
18 55 48
55 38 32
-137 -2 -70
16 45 -6
-67 91 -5
8 -42 32
91 -129 -15
76 65 -82
-146 72 88
-135 -18 4
13 -25 -36
-17 94 -70
-76 96 -85
34 13 -13
14 -67 23
132 -133 72
43 18 23
-123 -29 -35
-25 122 -52
37 77 74
70 -102 -40
118 26 -100
-96 -70 95
57 10 0
-125 -140 -76
98 -49 -1
-135 112 27
100 78 20
112 31 -98
-99 -82 -92
12 108 -90
7 -20 -16
-120 9 42
58 -149 -27
24 -48 81
63 -108 -36
22 97 58
-1 120 -84
114 50 -41
77 93 -36
62 104 95
133 -140 -81
139 145 -20
-110 66 -49
-118 -46 -39