102
5
50 -131 -191
-53 -149 -169
-148 -117 -19
30 -180 -147
-82 -100 -120
-126 -42 -6
121 74 -71
76 -123 -104
147 128 175
71 -34 110
175 159 -10
171 -190 -183
77 54 63
29 185 34
85 -50 4
-43 -128 -99
-1000 -1000 -1000
54 98 -56
2 -60 119
-71 37 -40
140 -33 82
-166 108 189
154 -25 174
-78 116 57
102 -49 -20
-32 -149 -25
50 102 -114
134 -121 85
74 43 -144
-16 -186 120
-138 41 36
69 -177 -50
-161 28 -119
-27 175 166
-27 166 152
38 -167 20
53 -74 -135
-134 51 12
139 -166 68
4 -89 6
-184 166 -115
12 76 -117
-166 -106 -68
-166 55 25
-141 -187 -112
162 -155 116
-194 -161 193
13 42 -96
58 114 191
196 -166 199
-71 23 -58
-116 43 17
-194 -188 194
140 -196 156
-93 102 164
-176 127 133
142 7 67
-125 126 154
50 176 -19
-41 -66 -177
47 187 -199
172 -77 -74
-170 171 -88
-160 15 -140
-175 -68 30
133 74 186
17 -190 -167
4 85 -144
-17 4 -117
7 -150 53
182 -192 104
-150 -16 143
48 -142 -151
41 76 -14
70 84 175
-126 75 -49
131 -88 -193
-37 -48 -104
33 177 -20
-4 87 13
-176 54 -9
-111 29 -85
-106 -39 88
-106 -8 -153
-173 114 -93
-82 166 -64
-185 -112 -15
200 -190 -97
-83 -18 162
147 -186 188
-139 50 0
125 116 -58
-98 158 -181
1000 1000 1000
114 -11 95
-151 -138 101
-51 192 60
52 11 64
199 47 187
-167 -60 78
187 -193 -48
127 -13 116