799
8
-590 -590 590
-550 -550 -550
330 330 330
-940 -940 940
-890 -890 890
920 920 920
-110 -110 -110
-950 -950 950
630 630 630
-440 -440 440
-700 -700 -700
20 20 -20
450 450 -450
370 370 370
-390 -390 390
-470 -470 -470
-80 -80 -80
720 720 720
-810 -810 810
-920 -920 -920
610 610 610
-220 -220 -220
760 760 760
760 760 -760
500 500 -500
-440 -440 -440
-270 -270 270
-40 -40 -40
-670 -670 -670
650 650 -650
970 970 -970
940 940 -940
-500 -500 500
870 870 870
480 480 480
-140 -140 140
-860 -860 -860
380 380 -380
-240 -240 -240
-380 -380 -380
-50 -50 50
990 990 990
-130 -130 -130
-600 -600 -600
390 390 390
-340 -340 340
-710 -710 710
-760 -760 760
290 290 290
910 910 910
-840 -840 -840
-150 -150 150
790 790 -790
-900 -900 -900
700 700 700
750 750 750
220 220 220
-930 -930 930
150 150 150
490 490 490
-950 -950 -950
-570 -570 570
-790 -790 790
-1000 -1000 -1000
90 90 90
210 210 210
720 720 -720
260 260 260
160 160 160
-260 -260 260
470 470 470
650 650 650
-510 -510 510
730 730 -730
130 130 130
-210 -210 210
-200 -200 200
-170 -170 -170
350 350 350
-660 -660 660
-250 -250 250
-100 -100 100
-830 -830 -830
-740 -740 740
-310 -310 -310
400 400 -400
-60 -60 -60
960 960 960
290 290 -290
890 890 890
980 980 -980
-620 -620 620
-350 -350 -350
530 530 530
-70 -70 70
-680 -680 -680
670 670 670
-500 -500 -500
-570 -570 -570
790 790 790
340 340 340
-110 -110 110
550 550 -550
470 470 -470
500 500 500
140 140 -140
660 660 660
60 60 60
-450 -450 -450
710 710 710
-980 -980 980
-50 -50 -50
80 80 -80
-620 -620 -620
930 930 -930
110 110 110
-510 -510 -510
-550 -550 550
820 820 -820
680 680 -680
690 690 690
440 440 440
810 810 810
-640 -640 -640
-890 -890 -890
-60 -60 60
-930 -930 -930
420 420 420
-420 -420 420
-760 -760 -760
120 120 120
-840 -840 840
270 270 -270
-190 -190 -190
520 520 -520
510 510 510
180 180 -180
-730 -730 730
-380 -380 380
800 800 -800
750 750 -750
230 230 230
-180 -180 180
-140 -140 -140
240 240 -240
-40 -40 40
560 560 560
930 930 930
860 860 860
-400 -400 -400
-280 -280 -280
-910 -910 -910
430 430 430
620 620 -620
-80 -80 80
-30 -30 -30
-750 -750 750
210 210 -210
-320 -320 -320
-260 -260 -260
-200 -200 -200
-880 -880 -880
-90 -90 90
-210 -210 -210
-820 -820 820
830 830 -830
100 100 -100
490 490 -490
130 130 -130
910 910 -910
960 960 -960
-670 -670 670
-700 -700 700
-560 -560 -560
-690 -690 690
-340 -340 -340
-870 -870 870
-10 -10 -10
580 580 580
-720 -720 720
-350 -350 350
-650 -650 650
190 190 -190
80 80 80
870 870 -870
-150 -150 -150
310 310 310
-430 -430 430
-660 -660 -660
540 540 540
600 600 600
-580 -580 -580
940 940 940
-320 -320 320
880 880 880
-780 -780 780
320 320 320
830 830 830
-800 -800 800
70 70 -70
280 280 -280
-530 -530 530
-490 -490 -490
310 310 -310
-250 -250 -250
170 170 -170
-130 -130 130
-310 -310 310
-360 -360 360
440 440 -440
410 410 -410
-870 -870 -870
400 400 400
420 420 -420
-690 -690 -690
-370 -370 -370
-360 -360 -360
-520 -520 520
-370 -370 370
90 90 -90
640 640 640
-240 -240 240
660 660 -660
-100 -100 -100
-1000 -1000 1000
740 740 740
180 180 180
-390 -390 -390
-20 -20 -20
710 710 -710
900 900 900
50 50 -50
-640 -640 640
-860 -860 860
-830 -830 830
280 280 280
-230 -230 -230
-10 -10 10
-520 -520 -520
630 630 -630
530 530 -530
-220 -220 220
-190 -190 190
-610 -610 -610
-720 -720 -720
-300 -300 300
-480 -480 480
-740 -740 -740
350 350 -350
-120 -120 120
-850 -850 -850
20 20 20
850 850 -850
250 250 -250
890 890 -890
300 300 300
520 520 520
-790 -790 -790
590 590 -590
-480 -480 -480
200 200 -200
-420 -420 -420
550 550 550
10 10 -10
570 570 -570
-580 -580 580
-460 -460 460
850 850 850
920 920 -920
740 740 -740
780 780 780
-530 -530 -530
-70 -70 -70
950 950 -950
-710 -710 -710
-300 -300 -300
670 670 -670
-590 -590 -590
-410 -410 -410
510 510 -510
370 370 -370
-970 -970 970
320 320 -320
-170 -170 170
270 270 270
-230 -230 230
-990 -990 -990
590 590 590
-410 -410 410
-730 -730 -730
-630 -630 -630
570 570 570
-940 -940 -940
120 120 -120
950 950 950
-540 -540 540
780 780 -780
30 30 30
-540 -540 -540
220 220 -220
240 240 240
100 100 100
-900 -900 900
770 770 770
-960 -960 960
10 10 10
730 730 730
-960 -960 -960
70 70 70
380 380 380
610 610 -610
260 260 -260
580 580 -580
-450 -450 450
-160 -160 -160
-270 -270 -270
-780 -780 -780
-630 -630 630
-880 -880 880
-470 -470 470
-330 -330 330
-120 -120 -120
820 820 820
980 980 980
680 680 680
-330 -330 -330
-910 -910 910
840 840 840
-970 -970 -970
450 450 450
-290 -290 -290
-650 -650 -650
40 40 -40
-290 -290 290
430 430 -430
160 160 -160
-800 -800 -800
-30 -30 30
840 840 -840
360 360 360
-20 -20 20
340 340 -340
-990 -990 990
230 230 -230
360 360 -360
480 480 -480
-400 -400 400
860 860 -860
40 40 40
970 970 970
330 330 -330
-460 -460 -460
-490 -490 490
770 770 -770
60 60 -60
50 50 50
170 170 170
900 900 -900
460 460 -460
880 880 -880
640 640 -640
-850 -850 850
-90 -90 -90
-160 -160 160
-810 -810 -810
690 690 -690
200 200 200
-920 -920 920
250 250 250
700 700 -700
110 110 -110
560 560 -560
-280 -280 280
620 620 620
460 460 460
-430 -430 -430
-600 -600 600
800 800 800
30 30 -30
-560 -560 560
540 540 -540
810 810 -810
300 300 -300
-750 -750 -750
-820 -820 -820
-770 -770 -770
140 140 140
-180 -180 -180
-770 -770 770
390 390 -390
410 410 410
-680 -680 680
-610 -610 610
190 190 190
150 150 -150
-980 -980 -980
600 600 -600
990 990 -990
10 -10 -10
-10 10 10
20 -20 -20
-20 20 20
30 -30 -30
-30 30 30
40 -40 -40
-40 40 40
50 -50 -50
-50 50 50
60 -60 -60
-60 60 60
70 -70 -70
-70 70 70
80 -80 -80
-80 80 80
90 -90 -90
-90 90 90
100 -100 -100
-100 100 100
110 -110 -110
-110 110 110
120 -120 -120
-120 120 120
130 -130 -130
-130 130 130
140 -140 -140
-140 140 140
150 -150 -150
-150 150 150
160 -160 -160
-160 160 160
170 -170 -170
-170 170 170
180 -180 -180
-180 180 180
190 -190 -190
-190 190 190
200 -200 -200
-200 200 200
210 -210 -210
-210 210 210
220 -220 -220
-220 220 220
230 -230 -230
-230 230 230
240 -240 -240
-240 240 240
250 -250 -250
-250 250 250
260 -260 -260
-260 260 260
270 -270 -270
-270 270 270
280 -280 -280
-280 280 280
290 -290 -290
-290 290 290
300 -300 -300
-300 300 300
310 -310 -310
-310 310 310
320 -320 -320
-320 320 320
330 -330 -330
-330 330 330
340 -340 -340
-340 340 340
350 -350 -350
-350 350 350
360 -360 -360
-360 360 360
370 -370 -370
-370 370 370
380 -380 -380
-380 380 380
390 -390 -390
-390 390 390
400 -400 -400
-400 400 400
410 -410 -410
-410 410 410
420 -420 -420
-420 420 420
430 -430 -430
-430 430 430
440 -440 -440
-440 440 440
450 -450 -450
-450 450 450
460 -460 -460
-460 460 460
470 -470 -470
-470 470 470
480 -480 -480
-480 480 480
490 -490 -490
-490 490 490
500 -500 -500
-500 500 500
510 -510 -510
-510 510 510
520 -520 -520
-520 520 520
530 -530 -530
-530 530 530
540 -540 -540
-540 540 540
550 -550 -550
-550 550 550
560 -560 -560
-560 560 560
570 -570 -570
-570 570 570
580 -580 -580
-580 580 580
590 -590 -590
-590 590 590
600 -600 -600
-600 600 600
610 -610 -610
-610 610 610
620 -620 -620
-620 620 620
630 -630 -630
-630 630 630
640 -640 -640
-640 640 640
650 -650 -650
-650 650 650
660 -660 -660
-660 660 660
670 -670 -670
-670 670 670
680 -680 -680
-680 680 680
690 -690 -690
-690 690 690
700 -700 -700
-700 700 700
710 -710 -710
-710 710 710
720 -720 -720
-720 720 720
730 -730 -730
-730 730 730
740 -740 -740
-740 740 740
750 -750 -750
-750 750 750
760 -760 -760
-760 760 760
770 -770 -770
-770 770 770
780 -780 -780
-780 780 780
790 -790 -790
-790 790 790
800 -800 -800
-800 800 800
810 -810 -810
-810 810 810
820 -820 -820
-820 820 820
830 -830 -830
-830 830 830
840 -840 -840
-840 840 840
850 -850 -850
-850 850 850
860 -860 -860
-860 860 860
870 -870 -870
-870 870 870
880 -880 -880
-880 880 880
890 -890 -890
-890 890 890
900 -900 -900
-900 900 900
910 -910 -910
-910 910 910
920 -920 -920
-920 920 920
930 -930 -930
-930 930 930
940 -940 -940
-940 940 940
950 -950 -950
-950 950 950
960 -960 -960
-960 960 960
970 -970 -970
-970 970 970
980 -980 -980
-980 980 980
990 -990 -990
-990 990 990
1000 -1000 -1000
-1000 1000 1000
-1000 1000 -1000
-990 990 -990
-980 980 -980
-970 970 -970
-960 960 -960
-950 950 -950
-940 940 -940
-930 930 -930
-920 920 -920
-910 910 -910
-900 900 -900
-890 890 -890
-880 880 -880
-870 870 -870
-860 860 -860
-850 850 -850
-840 840 -840
-830 830 -830
-820 820 -820
-810 810 -810
-800 800 -800
-790 790 -790
-780 780 -780
-770 770 -770
-760 760 -760
-750 750 -750
-740 740 -740
-730 730 -730
-720 720 -720
-710 710 -710
-700 700 -700
-690 690 -690
-680 680 -680
-670 670 -670
-660 660 -660
-650 650 -650
-640 640 -640
-630 630 -630
-620 620 -620
-610 610 -610
-600 600 -600
-590 590 -590
-580 580 -580
-570 570 -570
-560 560 -560
-550 550 -550
-540 540 -540
-530 530 -530
-520 520 -520
-510 510 -510
-500 500 -500
-490 490 -490
-480 480 -480
-470 470 -470
-460 460 -460
-450 450 -450
-440 440 -440
-430 430 -430
-420 420 -420
-410 410 -410
-400 400 -400
-390 390 -390
-380 380 -380
-370 370 -370
-360 360 -360
-350 350 -350
-340 340 -340
-330 330 -330
-320 320 -320
-310 310 -310
-300 300 -300
-290 290 -290
-280 280 -280
-270 270 -270
-260 260 -260
-250 250 -250
-240 240 -240
-230 230 -230
-220 220 -220
-210 210 -210
-200 200 -200
-190 190 -190
-180 180 -180
-170 170 -170
-160 160 -160
-150 150 -150
-140 140 -140
-130 130 -130
-120 120 -120
-110 110 -110
-100 100 -100
-90 90 -90
-80 80 -80
-70 70 -70
-60 60 -60
-50 50 -50
-40 40 -40
-30 30 -30
-20 20 -20
-10 10 -10
0 0 0
10 -10 10
20 -20 20
30 -30 30
40 -40 40
50 -50 50
60 -60 60
70 -70 70
80 -80 80
90 -90 90
100 -100 100
110 -110 110
120 -120 120
130 -130 130
140 -140 140
150 -150 150
160 -160 160
170 -170 170
180 -180 180
190 -190 190
200 -200 200
210 -210 210
220 -220 220
230 -230 230
240 -240 240
250 -250 250
260 -260 260
270 -270 270
280 -280 280
290 -290 290
300 -300 300
310 -310 310
320 -320 320
330 -330 330
340 -340 340
350 -350 350
360 -360 360
370 -370 370
380 -380 380
390 -390 390
400 -400 400
410 -410 410
420 -420 420
430 -430 430
440 -440 440
450 -450 450
460 -460 460
470 -470 470
480 -480 480
490 -490 490
500 -500 500
510 -510 510
520 -520 520
530 -530 530
540 -540 540
550 -550 550
560 -560 560
570 -570 570
580 -580 580
590 -590 590
600 -600 600
610 -610 610
620 -620 620
630 -630 630
640 -640 640
650 -650 650
660 -660 660
670 -670 670
680 -680 680
690 -690 690
700 -700 700
710 -710 710
720 -720 720
730 -730 730
740 -740 740
750 -750 750
760 -760 760
770 -770 770
780 -780 780
790 -790 790
800 -800 800
810 -810 810
820 -820 820
830 -830 830
840 -840 840
850 -850 850
860 -860 860
870 -870 870
880 -880 880
890 -890 890
900 -900 900
910 -910 910
920 -920 920
930 -930 930
940 -940 940
950 -950 950
960 -960 960
970 -970 970
980 -980 980
990 -990 990
1000 -1000 1000
