999
15
778 714 620
-726 -665 -941
738 -828 827
909 715 977
869 -996 937
-889 -994 -956
912 957 948
-894 -944 896
905 -540 -782
-785 -677 560
-940 -970 591
817 -621 -869
-881 504 -525
-552 -581 -635
-992 982 -527
-568 -760 -732
932 934 -675
624 856 -713
-506 888 -600
-686 -592 615
-844 -517 924
884 569 -610
-673 -781 -742
958 -940 586
966 747 -998
-556 818 -903
-962 795 -903
737 534 546
620 -885 -968
-522 -656 987
973 586 -872
-729 669 -950
738 -547 884
935 999 953
684 510 612
-863 648 -816
824 -645 -997
625 -998 -743
653 856 -785
669 545 845
981 666 -781
-848 -867 728
899 -985 722
990 595 675
-673 -520 995
859 564 -985
-967 835 709
774 568 855
-795 -506 644
836 918 -907
-790 -681 -995
521 869 -843
-823 751 -584
-916 -858 605
-902 901 -903
-906 -771 -639
-985 633 740
-555 -965 -614
-814 -520 833
-573 875 948
779 -736 843
-893 -864 931
904 662 -575
727 857 -653
963 -834 838
-930 -805 856
815 899 511
762 -815 -671
775 509 -855
706 816 -715
919 -641 746
-749 -678 -814
782 -600 997
884 815 -549
938 556 914
-667 -751 547
622 521 -757
972 793 -556
736 -619 -987
986 -924 771
-687 -757 -700
833 729 552
-576 617 -690
854 -669 587
-721 670 -543
-946 532 -927
699 -720 939
-581 -632 829
-696 634 -822
-813 -849 -626
-518 -961 -863
-947 863 678
-842 -916 -685
-731 -643 503
640 -673 -748
590 770 640
965 -577 744
-960 -974 518
-830 595 978
804 -763 626
-567 629 804
-975 -979 908
-811 1000 830
654 -695 842
967 978 -928
572 -723 628
-629 620 -650
625 -797 -546
820 903 629
-770 -828 -744
682 558 600
997 923 -564
707 799 -529
917 839 -882
-920 610 -647
-863 -532 -703
782 -519 -827
-923 620 -977
683 -676 693
-793 -657 918
-757 -920 -730
904 588 584
-649 -632 737
778 -931 568
-839 -956 -547
-547 -857 -820
-551 943 879
795 788 -703
820 -761 539
956 777 963
-660 868 -990
-950 -977 943
864 542 745
-799 733 902
533 805 663
957 -938 -911
826 850 -864
-703 692 -776
988 -984 -743
-724 829 -889
835 -908 763
561 934 935
-924 918 -846
-713 667 666
-997 553 506
-946 727 815
641 -986 809
-643 -841 635
-888 898 -871
850 557 729
776 538 898
965 775 570
771 -992 684
865 625 -877
-703 955 714
858 856 -541
-501 1 -501
-904 973 -738
-855 786 -634
-664 -508 -968
-917 556 -919
527 592 -783
537 -680 -517
-809 647 539
-742 -688 -852
512 -666 -920
957 -916 889
819 -663 888
979 860 -859
858 -947 -706
-544 926 -700
-705 -714 -887
-798 -654 -746
910 -811 893
959 782 -767
602 646 801
976 -831 -747
-784 828 -889
638 548 626
786 -860 831
531 591 -513
-533 -726 -814
-964 527 881
-760 789 -923
928 960 -941
-594 -848 629
-955 -584 -683
-757 574 922
-977 -508 655
625 -638 961
-841 -947 935
-894 -860 -605
-512 934 643
786 -545 -818
-838 -862 698
-705 677 -635
-899 851 -922
-596 859 -901
925 982 977
640 -592 -975
548 -570 -655
754 -818 -555
-872 -846 937
-785 -717 598
-516 568 -853
979 -573 945
-743 -731 912
756 504 -762
706 883 576
885 657 -862
-719 -940 -545
500 -774 712
-921 -1000 -726
-800 -570 -504
549 866 -810
-953 657 -641
-755 905 779
-997 -501 -572
641 708 -798
-766 -801 899
923 -510 831
834 -922 516
-885 -527 926
514 730 883
774 -909 -708
632 -931 -853
698 -765 589
-666 573 992
-783 632 -732
635 -528 739
947 731 754
638 -853 -986
621 761 640
-611 -962 -534
762 931 -769
1 -501 -501
-500 -500 0
866 724 -541
878 951 920
582 -990 896
-864 915 -602
575 -552 -650
-730 -518 -919
714 912 -713
-897 512 -738
771 -776 503
-908 -500 902
999 -982 -885
-762 -529 -550
-965 -530 805
-720 -892 652
-519 -929 -920
870 -565 -997
904 -531 -603
906 874 -692
885 -529 847
571 -542 -648
794 -984 -942
588 528 -719
736 -537 -750
629 -865 -615
995 868 -553
639 538 -527
688 -574 714
-915 -888 -755
523 747 720
877 -967 568
-850 -607 873
-988 870 -750
-692 -550 -542
-712 -862 -753
-644 -985 529
750 934 -887
-870 -613 -771
793 745 706
672 -803 -979
703 -983 -802
775 528 -943
-969 -686 -961
717 700 991
-925 737 822
629 -827 -631
-529 -507 -886
617 778 811
-770 863 -568
754 563 -679
779 -589 685
597 -961 -828
870 -768 933
585 853 585
559 841 849
-915 873 -992
-895 698 -807
-960 890 -628
-760 696 -603
-791 752 -567
720 -578 512
-501 -562 -532
943 753 -766
-621 723 -825
-861 774 605
-904 873 623
531 671 -649
-666 -882 794
633 -709 727
-837 -504 -947
-653 509 886
843 746 -761
-539 957 -813
560 847 -977
-548 -940 -867
815 -520 -823
801 610 -543
-655 -582 533
-794 -577 -866
-658 835 760
617 -925 853
1000 716 -788
821 727 766
638 -806 688
-611 819 -848
-733 -857 -951
-696 -820 -778
-952 -732 -891
581 -673 943
-665 831 -759
-802 -852 -723
980 -859 790
771 -543 851
-543 668 -516
-829 -811 -557
670 -856 -612
752 530 749
-796 -892 839
-825 883 -654
-736 -868 -595
892 -619 -769
914 895 616
-566 693 666
838 836 -768
916 851 -713
768 628 918
-669 -954 -603
895 822 867
-645 -711 746
869 -869 855
773 -587 -637
-723 -943 -583
-867 511 -580
-545 679 936
722 827 695
-887 777 -847
-845 -651 -894
567 666 941
813 888 -962
-802 -992 880
999 944 -663
755 828 935
-559 -606 594
-550 853 819
-557 -530 500
-505 726 -796
687 -640 -762
932 -786 880
-963 691 -917
-576 -545 -904
668 -840 854
774 759 -668
761 632 722
919 901 841
-522 -859 637
829 733 527
-754 -830 -613
953 -630 895
-702 -785 880
837 930 512
-763 701 984
1000 -568 739
948 634 -684
768 636 532
-528 735 -772
571 854 -884
941 -816 632
-952 -953 -654
620 926 910
-846 975 814
-922 539 -704
-838 956 -557
500 0 500
-818 -532 -718
-586 -554 965
-753 718 636
-566 -609 -956
1 501 501
-771 -862 -573
986 895 919
-713 -558 -891
595 999 700
-767 926 843
781 556 -748
-726 -835 -604
-998 868 -501
-577 664 851
-636 -783 799
732 -902 -851
-501 -712 -500
-821 -868 -644
-734 667 659
841 -684 -603
735 -919 -788
710 -861 722
-830 -670 839
-733 695 -945
-767 839 996
-781 943 984
816 578 -848
-537 772 625
514 549 556
-786 -903 -829
-582 719 -778
974 805 -885
-594 596 -732
-559 -705 993
-804 -612 563
-582 -976 -524
589 927 713
960 847 738
906 854 -679
-676 -635 -768
654 -960 -591
-591 -725 734
-725 -885 662
511 808 832
852 -681 -610
873 751 511
-689 -960 -571
538 801 604
-605 -672 -944
-654 -825 -865
898 977 -797
500 500 0
-702 -538 -956
-583 982 -815
-980 -633 -637
636 -701 932
537 552 -910
-560 640 966
-742 -967 973
-919 972 950
-918 644 855
-973 -831 -687
-990 577 675
-563 -617 871
-965 -788 -929
662 -554 657
954 647 587
547 -935 515
-525 729 592
583 -635 -871
-686 -631 -675
-646 -712 704
0 500 500
947 -877 524
1 1 1
543 558 -832
809 -976 597
502 553 -818
575 960 -506
-638 672 787
870 -528 -841
-658 -800 844
894 659 922
-666 -958 643
759 -763 -542
-679 670 957
964 -822 -556
-993 662 916
696 537 -760
-630 -631 917
797 -677 529
-560 -652 -661
627 -989 -622
604 824 -581
-676 -653 -906
-642 -830 -871
684 971 536
795 513 -800
-767 -851 887
989 -964 -748
695 800 -601
647 -766 -596
-946 682 885
668 -582 -710
-542 -811 663
-909 901 -605
909 -864 839
901 655 -683
-534 783 688
690 -627 -715
797 -847 712
962 731 996
948 980 603
605 506 -671
683 811 813
636 893 -753
717 782 -946
-869 -886 -667
-706 -634 947
-512 680 820
-786 -992 -973
-775 -936 818
-839 -900 -872
862 866 665
655 981 -743
-770 709 -810
665 -746 -853
-778 -730 680
642 666 829
751 -510 -519
516 -792 -591
-771 -539 -614
-631 -799 -588
-554 891 965
-922 886 874
799 -565 794
-627 634 -664
684 -922 867
797 -538 895
556 607 -731
796 992 -1000
-728 -941 730
737 -501 726
501 635 -677
-695 -862 837
-675 -901 -717
677 731 708
874 959 735
732 -764 511
-962 -843 934
789 942 -812
-892 885 806
-841 973 832
-652 516 -655
612 -675 -698
721 -995 644
-872 719 -704
849 -937 -561
783 559 803
632 -771 851
-576 762 -891
629 -731 -732
-969 -579 -578
-641 853 -561
-939 -991 -539
-703 -642 790
-955 654 939
981 -547 595
859 -527 738
-746 -541 749
655 929 -650
938 856 701
965 -515 870
-965 661 530
676 744 844
978 -707 -637
973 -974 693
-779 631 689
-560 -872 607
565 731 -947
-587 -629 593
-598 -964 -606
-974 863 -533
717 -589 -815
-796 -801 -665
1000 -937 -907
714 977 -875
-818 -508 -826
-500 -1000 -787
-734 -790 943
-522 -724 -619
-966 987 636
852 -789 -611
608 -939 805
-521 -727 775
-652 -910 -746
879 738 787
709 -967 -945
-809 962 -749
-734 623 -506
-560 785 -933
-966 892 956
670 612 -833
-828 926 673
733 538 892
-811 782 -831
716 -900 646
-977 870 545
-861 700 -758
-939 -568 878
-621 -585 -579
811 -959 716
882 651 780
916 -555 -542
549 -684 983
894 922 -906
-729 710 -685
-536 -749 -843
-771 -668 -912
-748 864 -973
623 -538 -538
959 -582 754
726 691 -833
-869 -626 931
-811 -853 -978
-666 738 -641
510 -852 987
807 -753 551
-850 697 -699
-902 800 -532
930 892 -823
-524 901 640
561 -764 736
841 -720 -877
-562 503 771
-683 -711 -701
864 753 -627
600 715 -549
-797 -951 812
617 -781 -851
-576 564 -675
-811 592 -633
902 -881 794
-938 592 -754
673 -860 -556
900 740 -560
511 -857 -803
-896 796 -850
-955 -852 -817
823 825 956
915 586 -685
-966 801 -620
645 -993 695
722 -780 772
-916 942 -782
-925 -942 -558
-530 -540 -793
895 991 -896
-981 -831 580
-505 -803 998
679 834 956
-852 -793 -504
996 523 994
-766 -657 -610
-519 -557 -674
-702 610 -844
905 988 -698
772 814 -954
769 -759 547
558 707 -636
-558 584 -821
-805 852 691
-500 0 -500
-805 523 -873
-643 -882 -663
-745 805 -528
-942 -624 -671
974 -997 -999
678 669 -514
-509 -688 809
977 616 972
925 872 -799
882 -576 -934
-716 -580 965
872 -703 510
-742 -741 700
521 678 906
-559 -692 996
849 921 -781
861 596 756
-912 -564 835
-773 -507 -752
-940 827 -630
-764 -724 -658
-755 -948 634
900 -640 674
923 -663 -538
-658 723 -524
645 877 944
626 -873 830
680 -954 526
563 845 789
-674 515 985
-910 -810 -587
-909 621 -879
712 713 604
-748 -895 -577
-884 -518 713
906 760 884
-813 688 -913
-628 708 -960
564 869 -642
-824 -703 -668
586 -922 918
-837 783 -519
-526 670 -876
582 757 -961
-881 -611 682
982 657 -646
-910 -795 588
689 726 -799
791 -884 -939
531 865 -754
-627 618 -798
761 905 -785
-600 -920 729
687 -588 677
-608 -941 964
-888 -831 599
852 -634 -911
691 870 -509
-631 582 -774
-521 786 560
-769 860 995
-541 -998 -977
-800 -844 -990
-542 -972 765
905 -623 -837
-835 526 -685
-929 -537 -568
602 -722 879
791 -855 -864
-591 -588 936
-944 901 -729
795 596 -925
729 -816 821
727 -945 930
620 -754 626
606 -567 950
-983 821 -735
-834 635 -560
-617 990 833
-723 715 -511
-646 733 -548
-898 654 648
-567 -984 -790
909 -826 653
-645 -919 -965
956 -589 -982
-536 531 -582
-520 670 -839
922 750 500
-662 -950 -953
599 -978 -627
501 501 1
828 595 -998
828 -798 -545
753 -727 -555
980 -750 605
550 -940 962
903 741 -779
958 -702 579
783 -889 623
851 -686 825
-696 -638 -514
768 717 627
609 992 -713
635 -981 889
673 -623 -537
-930 644 565
-801 -743 -795
-675 -665 712
0 -500 -500
-675 725 980
-692 -661 -732
-604 633 695
-907 -791 819
962 594 962
-919 704 -643
989 -893 759
883 591 873
-808 -500 -509
-978 -599 523
-577 664 505
603 -587 -979
875 744 -577
510 -859 -959
-563 -527 -701
-673 -935 -546
600 -818 703
632 786 798
749 701 503
934 -501 -623
868 -992 704
961 500 -630
-563 -963 939
578 820 958
754 859 898
-503 848 -519
863 -524 -1000
828 -724 -992
-977 611 -834
-984 559 944
993 920 512
860 -615 -596
898 -534 560
-544 694 553
535 557 -878
-765 796 -864
-909 -852 981
925 670 -921
-775 925 631
-587 -604 693
-916 946 513
592 -665 504
-544 791 -735
-587 -869 864
968 -586 862
-857 -571 -633
-737 -820 873
-767 -923 -851
600 -598 -864
-798 -506 -506
916 -862 771
-770 -665 -877
-586 582 638
912 -592 704
-827 924 -596
918 -583 -591
610 -751 872
650 -962 625
934 -892 -760
632 870 690
537 -857 -784
-551 -748 724
805 -740 -867
-981 -783 780
643 717 -655
-756 -593 715
512 862 -642
-655 -642 721
596 -675 -616
-711 -815 570
763 -697 969
885 845 729
-888 -708 -764
-914 611 651
623 701 -760
-987 -805 816
-790 -822 622
889 763 -623
889 -820 -858
914 922 618
503 -564 -877
995 992 948
-600 -576 -677
752 -834 821
-587 -675 555
-532 -749 -793
585 -929 -554
-724 -578 672
-530 946 -508
-978 -787 569
-740 886 -894
558 638 -672
-705 923 -767
-565 -901 -518
718 561 915
-756 520 975
996 -585 569
732 733 847
906 814 -996
680 796 -686
660 -827 709
849 843 -710
-816 925 703
514 -708 -820
-854 -627 549
517 -785 -914
553 904 726
809 -509 -703
691 -588 509
903 -504 -505
762 534 820
736 -602 -907
-525 989 -639
-646 -766 -990
750 982 664
-706 -708 976
805 -927 681
-861 -942 -965
956 -961 -622
573 986 -775
580 -658 945
-743 778 -700
742 -861 -996
-694 605 779
-811 -954 972
-677 750 698
-951 -588 -951
711 -842 531
-700 -526 907
884 552 817
766 744 -620
615 -839 825
629 -626 -899
912 1000 -725
570 -573 773
574 -962 -734
-891 547 824
-823 -703 904
-994 -503 701
651 550 -542
713 808 -559
-911 -540 653
-947 -530 -827
601 -542 -980
873 765 -836
501 1 501
998 839 743
900 797 -548
-726 -550 555
-995 633 874
576 -849 905
-761 -903 594
-979 719 -609
-503 610 -638
-854 -941 795
625 -585 -621
-641 766 973
968 -584 -537
-558 -604 -673
-769 774 -739
-528 -954 -660
547 -812 918
650 -642 845
967 844 718
531 -835 -690
-845 813 694
850 898 619
795 -940 -657
-952 771 705
511 688 834
815 -643 -972
506 886 818
-941 -593 -646
905 -518 542
-771 -987 -615
617 -722 758
-619 976 833
878 764 533
-767 -912 843
828 813 983
529 576 753
-835 -821 513
-523 663 -990
-978 -751 -527
-951 552 913
631 703 861
-848 983 829
-619 727 704
-934 -860 -988
746 -768 -696
-637 -502 952
-935 -802 -735
-991 703 894
-902 683 630
883 -632 718
-920 -869 -903
-911 -823 -824
-831 771 -674
701 -736 621
-938 718 -688
644 -899 -550
-994 -578 -528
-706 -853 -771
610 643 -520
722 795 -536
900 612 -549
604 -710 -539
-588 -549 531
-943 -907 726
579 -641 949
567 979 -619
-929 -631 904
-501 -501 1
501 -713 631
697 -732 -607
530 -651 -636
628 799 -581
0 0 0
562 -553 864
-925 993 -739
619 -553 -654
803 -997 -584
-943 795 -765
510 -810 933
-1000 -555 522
840 903 -954
-820 -873 929