1000
20
-457 -492 993
75 311 502
-790 -132 -646
223 709 454
-833 716 -911
-715 -34 453
-157 196 922
-895 -72 -737
876 269 77
-704 -112 128
-680 -717 -231
565 -371 853
-275 513 42
904 719 47
923 -309 -852
-7 -127 -817
-119 -292 352
-448 -509 -571
-195 -134 -628
-659 895 673
26 760 -928
-564 -531 852
359 333 201
34 350 -338
293 -533 -988
902 -379 -608
442 -823 990
610 438 -314
824 76 -136
228 607 981
398 474 953
880 238 -599
824 -161 714
-895 -156 221
99 -658 464
813 893 -382
800 401 -734
-616 -542 523
75 -124 -980
546 400 228
-994 -75 -731
-316 139 723
-127 784 -350
133 451 955
756 -717 205
-938 -275 328
-147 575 453
-944 547 404
992 -964 416
7 -676 743
-693 104 988
776 -957 -285
131 -585 -835
-703 -454 277
-548 642 629
91 -465 707
308 159 -780
-136 305 363
-728 557 606
289 58 -779
910 -854 -374
950 594 -338
-913 424 -143
-505 -295 395
-380 -488 4
103 615 -524
-804 845 963
476 -839 38
-31 -571 740
-963 486 601
-880 756 -838
864 581 107
671 -81 -709
117 -346 -687
638 -610 95
-806 955 -895
706 467 -504
-106 -705 -601
307 -1 -764
909 753 -90
518 912 -947
-583 69 456
-480 -970 -424
46 -673 716
496 538 -575
-923 152 -149
-857 -290 412
87 597 -811
-754 948 80
-826 -736 -332
75 -448 854
717 14 -911
-779 566 553
-986 -775 -496
-481 887 885
466 -424 -120
-733 423 -595
709 196 -505
864 804 -627
-749 -622 -887
-175 -3 11
-623 907 621
15 -200 -915
456 127 567
362 -338 931
899 804 619
-886 -488 -385
38 -163 661
787 458 865
-701 -182 396
491 964 -134
140 -46 39
715 -493 880
-640 511 350
-781 -622 905
-320 -195 -677
728 43 -920
356 986 -318
-982 254 -52
-758 562 363
-906 -44 -464
-192 898 -868
-767 -284 -114
459 201 -804
-820 -283 998
-974 749 -275
-106 694 139
709 -78 -888
-927 -632 28
-211 551 326
-617 458 917
-552 961 222
-655 -562 -364
-896 752 112
38 -627 -435
-474 -402 938
-709 -10 261
620 -495 41
589 -532 -337
581 960 468
-762 942 -981
-602 818 -85
-593 -951 -7
792 843 799
-532 -250 -262
135 -131 -646
-645 166 -567
929 260 -318
-812 763 183
333 134 -337
-312 -169 -857
-458 -438 -555
-542 339 866
11 665 -269
-446 -843 876
532 -548 653
633 -926 -478
-663 -822 -130
923 -267 -979
-937 445 -496
-324 -707 897
475 -738 949
507 -237 -808
-167 -461 751
838 -92 -67
581 996 -673
452 -188 261
-867 909 380
64 381 735
160 -159 650
-771 956 -298
-565 408 396
-704 780 -639
473 300 713
431 -622 -822
-76 -40 836
-207 572 -514
-959 810 -246
507 64 -248
-637 -152 -714
182 -61 147
388 -106 381
104 -496 779
-405 -444 645
-809 139 449
83 501 -838
970 546 -163
32 54 -247
485 833 663
-758 -650 827
60 964 -967
-572 976 316
-786 853 47
152 -97 710
-767 674 -386
726 -993 -231
-909 -348 252
136 919 -934
-508 -593 -80
-835 980 -118
-482 -60 950
-64 -908 -469
312 -400 -20
618 -816 -652
887 59 -307
-504 -990 700
274 -130 -730
828 -930 895
-685 541 -244
276 907 -121
-891 -985 341
-372 -395 3
495 159 -646
-775 809 206
-188 508 -31
-309 241 -253
881 590 674
461 531 -583
-1000 482 -545
-582 -630 -184
-510 98 -50
72 -507 552
-771 844 942
-960 877 646
755 -467 863
839 -473 -504
559 174 -195
914 -922 -980
-569 599 -246
612 -63 -185
-511 -782 -741
530 942 -732
33 -585 198
-780 -69 685
-977 257 -268
46 -441 -134
249 659 -888
11 -953 -907
-629 184 -130
855 -128 474
-500 21 31
-163 -756 -210
-296 153 333
-379 5 -511
-47 682 683
-98 -353 -384
196 157 -236
-945 427 84
-659 671 -739
-604 -252 522
753 507 -380
-891 -453 -825
-115 -464 -386
365 254 861
105 -165 52
945 -421 583
-877 549 717
886 477 -299
-781 881 830
111 -213 134
-918 -926 961
425 418 -659
729 553 -400
12 -144 -97
442 -493 -881
-291 308 613
-612 -435 621
732 271 742
-285 -269 -66
-410 -796 84
469 790 -771
433 -988 -393
-648 -501 223
-886 527 868
750 679 -87
829 431 -829
-733 732 -121
-414 633 -721
352 -282 588
-559 789 650
-496 411 45
39 547 -832
-993 -242 576
326 100 -174
872 264 -804
749 36 219
587 427 875
679 973 543
-11 197 -944
-861 -693 -730
-731 705 -369
136 -42 598
604 319 -582
-180 147 558
-249 -19 129
-343 722 -546
443 657 689
591 108 -233
532 903 94
960 -934 -748
386 -322 29
-329 -107 -528
56 143 391
-812 -896 -880
-754 -183 686
-755 122 -777
533 -131 814
166 -283 837
494 -115 -720
-478 -123 -804
549 261 936
776 -376 567
870 -664 -476
-816 618 -373
-745 -615 -931
301 -60 -319
-209 679 -17
938 -327 361
448 448 -860
-141 -767 -919
-694 -573 -558
968 -587 -286
76 966 -312
974 66 197
-18 -175 323
918 -302 -234
-689 -331 214
46 -686 -334
-297 -516 726
-213 598 84
30 -167 871
-421 -181 293
988 448 -51
850 205 -563
-135 183 350
403 -433 673
-728 -718 -362
179 638 540
475 345 264
-898 -864 -600
193 -660 -520
-809 -659 302
197 888 -695
366 -633 884
450 -746 191
364 -435 34
577 -847 504
-915 158 628
628 -1000 -901
864 -506 -725
-27 158 515
-871 -708 -25
770 924 342
483 170 208
-522 412 836
904 158 975
96 -782 165
-783 -499 322
-755 944 718
464 397 656
-330 -568 993
469 -940 -253
-4 -276 122
-528 586 829
-559 461 -308
-243 321 929
341 -777 -546
-312 193 -731
-81 557 232
738 -798 -762
-573 -138 603
-824 -74 -110
730 220 138
-105 -611 -394
-972 642 -197
230 877 944
-303 -83 35
326 -420 -50
569 308 578
653 714 152
-548 -719 -824
-283 417 653
885 219 -118
-265 327 -127
-769 -122 960
63 806 -371
-740 -648 -726
-422 -353 -596
-386 630 270
-61 525 -829
886 681 618
778 84 733
576 821 -477
772 902 675
-947 14 44
-204 453 -379
305 231 -945
-72 -109 -63
439 -180 -723
92 -894 -846
765 81 494
-107 803 492
-185 -637 875
-615 -292 -525
-331 -183 512
654 550 -417
542 -391 -678
-767 -649 -298
-471 -621 -170
-692 383 638
-439 -416 -511
329 883 333
-618 141 -698
-106 881 378
166 -465 880
-268 -92 -421
842 -979 -409
-678 164 344
306 643 -811
-746 -2 -298
257 640 -293
207 401 -720
-681 -886 103
-601 708 -352
-761 -78 291
-565 776 -904
530 751 -200
-130 -36 554
-706 -266 535
542 -215 322
546 -662 611
591 -45 -509
-267 -463 -936
677 764 -467
-623 -527 337
234 -971 -296
-362 -104 472
685 967 559
397 705 -468
732 -768 -31
960 -975 -909
-676 543 360
864 410 83
37 971 -893
25 -308 -474
-408 414 637
208 -719 364
-54 -168 -634
455 55 597
992 583 -158
-489 -340 -24
-362 650 -159
-767 391 73
667 665 198
502 175 803
-424 -107 -636
858 -856 421
-396 486 -608
367 -872 733
-839 -635 -561
614 -499 839
-610 196 677
-874 595 474
690 182 -790
-814 110 -706
628 873 -91
657 -126 -183
761 314 29
617 -761 -209
216 -934 856
-719 -788 994
-503 -934 -682
-305 -647 708
-952 -441 -347
-665 -154 700
-746 132 -709
841 749 753
457 -985 -947
581 160 738
-786 -74 -917
981 3 630
191 241 -839
-525 -626 375
-886 -338 343
276 372 -465
402 246 -715
-762 -908 -410
150 -796 926
474 246 103
776 -320 -335
30 -566 565
-615 -387 311
809 -914 883
-906 -286 -473
-92 674 -476
-175 -434 -633
363 389 815
-129 -557 405
40 122 -344
-232 217 738
-737 -927 843
-731 685 -466
-742 -790 610
907 614 -507
-17 969 202
588 -283 -538
-37 549 -305
-122 -673 433
-223 620 -420
778 559 -55
-825 895 33
-361 -906 -666
-184 -728 6
586 654 968
-285 -641 -695
-363 -671 -267
641 -688 -235
396 344 57
-776 817 635
-850 291 478
764 957 -600
-456 -767 -109
36 543 948
-418 -67 -682
-154 23 -711
-681 -672 -888
626 656 462
220 -863 553
89 -953 -874
-724 -742 -14
-717 -455 -242
698 649 -775
-259 416 -312
-565 -485 347
-312 -261 174
814 162 -225
-127 -87 -579
900 -596 918
595 -776 -789
308 634 -799
870 86 -238
384 -613 -458
698 960 -404
-881 -422 -485
-871 -48 566
682 663 417
-911 562 553
-941 215 707
-812 -620 414
-758 80 -21
584 253 -462
-861 -635 935
815 538 878
212 521 562
831 -964 -865
168 130 -978
80 710 -884
-40 -503 975
560 81 -606
887 -75 -924
-928 -748 652
174 -608 -262
499 -959 269
543 -906 -336
-191 -372 -254
626 -669 409
-236 -353 -466
-154 10 -942
-152 -675 947
-752 471 -400
-158 -108 -399
-7 -905 299
465 732 350
218 471 3
-68 858 -996
137 -299 -715
722 561 -958
722 965 -336
-992 -221 -690
725 194 -164
671 -28 -545
-139 -213 -143
253 -567 -547
-366 393 637
728 -541 558
783 685 -846
-348 914 -554
-205 629 55
-660 325 473
660 131 -359
533 819 563
-569 460 -491
-878 -760 455
-330 -203 -415
-904 338 571
-13 -495 677
730 -441 363
756 552 557
-334 -213 -960
895 927 -453
711 694 -915
-103 -949 -468
486 -908 45
531 87 -516
-793 107 -334
-394 -11 779
551 761 964
-786 987 -811
967 320 359
495 959 -587
492 832 -510
-728 -764 -979
-258 -690 976
76 942 -291
-753 938 343
276 852 -402
-713 -481 474
467 -991 200
-893 -471 716
172 -183 -137
414 -385 683
515 549 -429
-721 -742 -346
-361 537 -998
6 -840 -190
-618 -744 -715
-985 343 54
568 98 -22
-119 -840 -513
-26 -227 732
-722 -297 -576
179 -392 -374
-619 -539 434
-738 -747 626
-500 -483 135
-827 623 167
900 -868 526
927 -339 300
-790 -177 -381
-973 788 998
196 594 -404
412 975 -804
-93 420 215
393 -876 -566
-651 479 -158
977 538 -239
84 442 657
937 -980 425
385 31 155
471 -876 -10
-382 26 113
-967 958 -908
-769 -912 783
-999 -526 -244
473 -796 -799
-7 -687 879
6 713 -629
-903 -747 -598
529 726 -150
453 -913 -334
-874 567 862
-331 389 252
15 857 -809
-751 849 -570
498 130 323
328 532 575
396 53 -14
677 -797 -828
8 -636 -86
-986 590 -475
-874 561 -668
774 -144 289
434 287 897
-163 746 191
-386 -341 220
-587 342 -980
-579 506 38
243 197 -324
530 689 -454
-889 -846 -595
-967 -317 -461
-667 38 -573
871 -435 819
-647 -26 -193
388 -481 455
74 -685 789
259 385 598
891 -113 -344
211 485 813
-543 -717 110
-1000 -497 -788
479 -681 -338
312 886 -136
715 133 -122
936 707 -527
139 -992 -807
951 -112 106
-765 -525 -598
-350 327 29
831 718 833
142 -266 450
-134 514 -443
673 890 138
814 -793 84
155 -192 -684
-798 632 376
58 -212 608
-420 362 -77
-492 818 768
551 880 484
-708 424 308
98 -290 -718
3 511 685
-588 122 709
-635 119 179
46 554 -766
-873 -288 -206
557 399 -13
-79 -695 -110
-228 558 161
-729 -51 -674
937 848 -141
-366 852 841
-590 -880 232
655 -827 -699
420 -997 -983
-643 139 -922
-726 -144 -962
-372 -238 981
-601 513 -378
-286 -603 989
-707 933 -239
-525 -788 66
-415 -625 -102
908 -452 449
-675 -352 -636
368 640 -382
903 973 214
225 403 -800
-477 -989 811
-55 388 -850
319 -101 -255
694 659 -856
227 686 -606
213 -526 -681
214 -976 752
707 -889 -163
797 673 721
-386 -458 -689
-288 -738 652
418 -611 -36
702 -41 -497
773 277 956
706 334 -323
950 -810 -588
275 810 989
-312 316 -652
707 616 -840
-912 932 709
921 -626 -68
-781 278 22
966 277 652
-712 -592 -96
-224 782 630
338 -870 -166
636 692 -72
524 182 62
-907 -181 266
738 221 99
-311 557 -206
-194 -578 -114
855 601 108
566 -709 -664
-885 253 -401
758 -951 -325
97 -797 813
589 869 -130
-892 -799 -872
-360 -686 -181
-918 -976 -196
-589 721 564
-932 -104 -778
-663 490 870
820 841 15
-669 677 201
-380 866 71
-186 956 -873
958 564 -176
596 581 -998
-48 174 815
842 -100 307
-20 -904 -998
-180 244 929
350 884 637
353 -872 -990
-99 487 285
-14 562 -742
919 -608 -569
212 -412 727
122 -924 -18
913 -814 577
99 -269 437
985 -772 27
-561 -93 -500
-328 -216 153
714 721 120
709 -968 -549
-13 378 305
733 527 189
-202 481 690
999 378 -199
811 418 -538
-906 -630 168
743 985 524
-933 831 693
-164 -401 -817
996 740 -161
-730 -144 -2
-853 326 842
583 935 245
-588 645 14
960 -192 126
-919 751 -367
963 125 544
343 -439 -669
-862 751 -760
-21 687 -111
-5 93 -826
219 532 -680
-15 -687 739
-929 379 -780
757 131 996
34 382 -412
134 -634 194
607 -226 -438
-590 -825 994
866 -817 665
-197 29 -258
-781 -895 156
-32 672 297
-295 785 769
248 -43 -691
474 504 845
821 -406 -447
425 -100 721
605 744 -654
-281 -403 170
-221 -982 29
512 -106 -105
70 368 -686
-466 -243 243
245 629 -623
31 67 582
-462 -855 423
-763 34 -580
-158 -798 243
-962 -702 -109
-940 482 976
557 -812 -300
756 333 -895
978 509 378
-811 861 -790
163 825 258
-521 597 -487
911 998 -584
944 438 -118
782 710 654
-419 964 -522
496 977 -202
854 -139 924
682 -583 750
521 27 -198
648 -462 53
665 -800 -593
-550 494 711
-879 61 627
-972 598 -967
-947 51 -153
-995 -363 -791
-78 -909 -194
-182 -894 -599
428 687 844
-496 815 333
-561 961 -248
25 628 -78
320 454 525
885 -199 -697
327 -692 -791
-727 -42 -200
804 -194 481
645 294 814
-728 215 -744
-352 130 -358
-501 307 534
195 324 118
386 556 -784
183 -648 -898
432 648 877
-888 433 983
596 -777 -887
267 -696 -559
72 327 490
-740 962 820
-587 8 -407
696 -483 -249
-256 -305 535
-631 -580 521
665 618 -899
97 -317 -328
637 988 -174
-694 -69 -499
430 662 -3
553 178 892
-737 414 409
682 559 373
329 -767 -816
481 523 -718
519 843 284
584 -757 -525
62 -327 -40
499 -491 -727
-528 192 693
-793 636 -327
-99 -909 750
372 -964 826
791 -573 993
-932 312 -939
-426 -796 -46
-952 -392 -51
-150 -29 582
-368 -632 641
178 -995 -984
-376 -237 -82
-914 721 234
-155 231 -553
961 -575 -215
241 823 -695
-496 651 -777
-919 -591 -920
306 -271 962
821 92 -924
884 -400 -545
160 -601 -9
-947 697 -268
179 3 -357
337 184 317
972 -850 -803
163 404 -626
-454 642 -316
936 -55 -913
-584 -790 -335
-744 51 -767
178 -297 -492
-466 -226 768
-231 -131 731
932 -263 -813
824 -886 443
-451 363 540
117 -681 554
-737 -537 665
-79 231 790
-510 -203 300
-901 493 641
-569 842 896
711 -742 -409
-866 734 451
514 924 -739
-115 383 216
-426 516 -252
652 257 -751
667 818 618
-653 22 564
181 -607 -468
-474 373 657
990 -476 815
336 325 -249
595 -56 -785
416 658 2
663 -164 930
-28 56 301
746 599 -596
-64 -95 -49
260 -282 -549
891 710 -631
758 -595 16
-875 760 193
29 -655 -175
-856 875 111
987 770 148
589 819 550
-674 -838 -204
-339 -80 -788
-234 -169 -378
-558 -656 879
-467 -544 26
316 -664 478
-869 459 -240
644 -376 637
788 -393 859
-591 -135 33