169
4
1 1 9
1 1 8
1 1 7
1 1 6
1 1 5
1 1 4
1 1 3
1 1 2
1 1 1
1 1 0
100 1 9
100 1 8
100 1 7
100 1 6
100 1 5
100 1 4
100 1 3
100 1 2
100 1 1
100 1 0
300 1 9
300 1 8
300 1 7
300 1 6
300 1 5
300 1 4
300 1 3
300 1 2
300 1 1
300 1 0
900 1 9
900 1 8
900 1 7
900 1 6
900 1 5
900 1 4
900 1 3
900 1 2
900 1 1
900 1 0
0 0 100
0 1 100
0 2 100
0 3 100
0 4 100
0 5 100
0 6 100
0 7 100
0 8 100
0 9 100
0 400 -1
0 400 -2
0 400 -3
0 400 -4
0 400 -5
0 400 -6
0 400 -7
0 400 -8
0 400 -9
500 0 -1
500 0 -2
500 0 -3
500 0 -4
500 0 -5
500 0 -6
500 0 -7
500 0 -8
500 0 -9
500 0 -10
459 208 113
-751 358 -897
-985 232 -820
-909 399 -460
-739 373 -628
-850 355 -103
-438 332 -706
516 72 -73
-423 76 -42
476 224 56
-582 495 -99
532 168 -622
-715 8 -992
483 328 -394
720 417 -959
986 120 -896
977 376 392
781 62 312
528 315 -308
-152 249 -386
-285 313 -703
966 382 -496
819 384 -951
-997 19 -940
410 215 -767
825 7 -139
109 481 231
-791 249 -929
164 326 -854
248 280 -501
-687 3 82
276 475 296
11 116 -17
-64 456 -280
343 491 265
-229 233 -908
294 424 -193
697 174 -100
-535 402 -660
604 438 -474
-817 363 -536
-445 98 -717
553 302 -962
928 464 112
-3 374 -733
233 464 205
-389 315 251
-896 433 -874
22 434 -925
663 460 -794
192 369 96
903 58 37
813 280 498
229 348 -607
630 26 -504
427 405 172
173 486 186
-708 159 213
164 103 -635
-867 288 369
392 155 -524
-190 3 486
-28 458 180
-415 466 -307
51 391 -784
924 124 -25
621 36 -184
193 346 478
-939 258 277
-502 29 -523
57 295 103
-697 66 420
-913 75 -63
70 460 -139
742 426 -382
919 403 -634
475 135 -616
927 289 -443
23 98 -863
-238 145 123
726 110 399
461 395 -395
403 36 -687
901 54 -456
-241 149 70
-633 420 164
374 487 -271
-941 88 -552
163 244 -215
-787 210 -419
256 364 363
330 490 321
-561 287 -33
-642 271 178
-880 296 119
968 463 40
-454 351 -946
738 428 379
-267 139 -959
-361 366 411