996
13
0 0 0
15 0 0
30 0 0
45 0 0
60 0 0
75 0 0
90 0 0
105 0 0
120 0 0
135 0 0
150 0 0
165 0 0
180 0 0
195 0 0
210 0 0
225 0 0
240 0 0
255 0 0
270 0 0
285 0 0
300 0 0
315 0 0
330 0 0
345 0 0
360 0 0
375 0 0
390 0 0
405 0 0
420 0 0
435 0 0
450 0 0
465 0 0
480 0 0
495 0 0
510 0 0
525 0 0
540 0 0
555 0 0
570 0 0
585 0 0
600 0 0
615 0 0
630 0 0
645 0 0
660 0 0
675 0 0
690 0 0
705 0 0
720 0 0
735 0 0
750 0 0
765 0 0
780 0 0
795 0 0
810 0 0
825 0 0
840 0 0
855 0 0
870 0 0
885 0 0
900 0 0
915 0 0
930 0 0
945 0 0
960 0 0
975 0 0
-0 0 0
-15 0 0
-30 0 0
-45 0 0
-60 0 0
-75 0 0
-90 0 0
-105 0 0
-120 0 0
-135 0 0
-150 0 0
-165 0 0
-180 0 0
-195 0 0
-210 0 0
-225 0 0
-240 0 0
-255 0 0
-270 0 0
-285 0 0
-300 0 0
-315 0 0
-330 0 0
-345 0 0
-360 0 0
-375 0 0
-390 0 0
-405 0 0
-420 0 0
-435 0 0
-450 0 0
-465 0 0
-480 0 0
-495 0 0
-510 0 0
-525 0 0
-540 0 0
-555 0 0
-570 0 0
-585 0 0
-600 0 0
-615 0 0
-630 0 0
-645 0 0
-660 0 0
-675 0 0
-690 0 0
-705 0 0
-720 0 0
-735 0 0
-750 0 0
-765 0 0
-780 0 0
-795 0 0
-810 0 0
-825 0 0
-840 0 0
-855 0 0
-870 0 0
-885 0 0
-900 0 0
-915 0 0
-930 0 0
-945 0 0
-960 0 0
-975 0 0
0 -0 0
0 -15 0
0 -30 0
0 -45 0
0 -60 0
0 -75 0
0 -90 0
0 -105 0
0 -120 0
0 -135 0
0 -150 0
0 -165 0
0 -180 0
0 -195 0
0 -210 0
0 -225 0
0 -240 0
0 -255 0
0 -270 0
0 -285 0
0 -300 0
0 -315 0
0 -330 0
0 -345 0
0 -360 0
0 -375 0
0 -390 0
0 -405 0
0 -420 0
0 -435 0
0 -450 0
0 -465 0
0 -480 0
0 -495 0
0 -510 0
0 -525 0
0 -540 0
0 -555 0
0 -570 0
0 -585 0
0 -600 0
0 -615 0
0 -630 0
0 -645 0
0 -660 0
0 -675 0
0 -690 0
0 -705 0
0 -720 0
0 -735 0
0 -750 0
0 -765 0
0 -780 0
0 -795 0
0 -810 0
0 -825 0
0 -840 0
0 -855 0
0 -870 0
0 -885 0
0 -900 0
0 -915 0
0 -930 0
0 -945 0
0 -960 0
0 -975 0
0 0 0
0 15 0
0 30 0
0 45 0
0 60 0
0 75 0
0 90 0
0 105 0
0 120 0
0 135 0
0 150 0
0 165 0
0 180 0
0 195 0
0 210 0
0 225 0
0 240 0
0 255 0
0 270 0
0 285 0
0 300 0
0 315 0
0 330 0
0 345 0
0 360 0
0 375 0
0 390 0
0 405 0
0 420 0
0 435 0
0 450 0
0 465 0
0 480 0
0 495 0
0 510 0
0 525 0
0 540 0
0 555 0
0 570 0
0 585 0
0 600 0
0 615 0
0 630 0
0 645 0
0 660 0
0 675 0
0 690 0
0 705 0
0 720 0
0 735 0
0 750 0
0 765 0
0 780 0
0 795 0
0 810 0
0 825 0
0 840 0
0 855 0
0 870 0
0 885 0
0 900 0
0 915 0
0 930 0
0 945 0
0 960 0
0 975 0
0 0 0
0 0 15
0 0 30
0 0 45
0 0 60
0 0 75
0 0 90
0 0 105
0 0 120
0 0 135
0 0 150
0 0 165
0 0 180
0 0 195
0 0 210
0 0 225
0 0 240
0 0 255
0 0 270
0 0 285
0 0 300
0 0 315
0 0 330
0 0 345
0 0 360
0 0 375
0 0 390
0 0 405
0 0 420
0 0 435
0 0 450
0 0 465
0 0 480
0 0 495
0 0 510
0 0 525
0 0 540
0 0 555
0 0 570
0 0 585
0 0 600
0 0 615
0 0 630
0 0 645
0 0 660
0 0 675
0 0 690
0 0 705
0 0 720
0 0 735
0 0 750
0 0 765
0 0 780
0 0 795
0 0 810
0 0 825
0 0 840
0 0 855
0 0 870
0 0 885
0 0 900
0 0 915
0 0 930
0 0 945
0 0 960
0 0 975
0 0 -0
0 0 -15
0 0 -30
0 0 -45
0 0 -60
0 0 -75
0 0 -90
0 0 -105
0 0 -120
0 0 -135
0 0 -150
0 0 -165
0 0 -180
0 0 -195
0 0 -210
0 0 -225
0 0 -240
0 0 -255
0 0 -270
0 0 -285
0 0 -300
0 0 -315
0 0 -330
0 0 -345
0 0 -360
0 0 -375
0 0 -390
0 0 -405
0 0 -420
0 0 -435
0 0 -450
0 0 -465
0 0 -480
0 0 -495
0 0 -510
0 0 -525
0 0 -540
0 0 -555
0 0 -570
0 0 -585
0 0 -600
0 0 -615
0 0 -630
0 0 -645
0 0 -660
0 0 -675
0 0 -690
0 0 -705
0 0 -720
0 0 -735
0 0 -750
0 0 -765
0 0 -780
0 0 -795
0 0 -810
0 0 -825
0 0 -840
0 0 -855
0 0 -870
0 0 -885
0 0 -900
0 0 -915
0 0 -930
0 0 -945
0 0 -960
0 0 -975
-110 -199 -55
194 -86 159
-90 104 -3
174 194 110
176 -178 -148
-41 121 -59
-174 -36 -54
122 151 193
67 -137 175
-73 -34 -162
72 -133 147
180 106 104
64 177 -180
-102 66 -77
123 79 30
-65 -155 181
11 -139 128
89 -80 -177
99 29 14
-187 25 -124
11 30 -90
-9 -24 74
-28 15 -34
128 -73 93
-200 -28 -50
99 199 48
144 64 86
-47 -84 -74
97 12 -188
79 182 176
156 -62 100
-161 198 -165
188 111 -21
69 -33 -49
-29 177 -11
-195 8 31
-158 85 -55
-121 147 132
28 189 -172
-141 49 102
66 113 -58
-161 48 -118
73 119 -35
152 -99 -27
102 104 80
198 181 -74
144 50 190
-179 6 -27
-94 83 182
-37 -168 181
103 75 155
-154 117 35
-23 -102 20
74 -95 72
-112 93 -115
-84 184 -93
103 107 151
98 -95 -55
-93 159 115
78 21 50
-43 -30 5
-174 -163 -65
-71 160 73
105 22 -129
-172 99 -44
75 146 62
-119 165 48
175 -30 -47
199 -16 175
-34 -4 -171
167 103 -118
127 -19 -171
152 140 -134
36 -193 -12
-194 153 -82
20 104 45
-150 -82 -87
-195 29 39
49 32 114
-61 -181 21
-132 -10 -85
-141 -2 141
196 101 113
23 -170 174
95 -149 -146
187 31 4
24 -149 38
186 197 -66
156 143 -144
-171 95 -60
93 -18 62
-147 -23 -72
85 172 54
80 -1 138
-108 24 -25
52 -152 -191
-190 -68 196
125 133 38
-186 17 153
20 -173 87
-150 -35 113
-41 -16 -90
-107 34 2
-7 13 -24
-77 -184 -74
-139 75 -78
-88 169 52
-37 120 -122
14 -91 93
151 -67 -34
166 -117 193
-146 -165 153
121 101 -158
-40 56 177
-78 -72 -26
-59 -77 26
-67 122 -26
-97 -33 -188
4 -78 -176
58 -89 -10
-148 43 46
168 -67 182
-119 -5 36
181 -170 -167
-138 -51 35
132 12 77
-7 -53 46
55 -51 -124
-145 161 -4
168 -114 144
-130 176 -167
123 63 -50
50 182 -33
36 67 106
-80 193 -68
22 -189 -101
-52 -30 -168
-26 -18 32
135 -35 25
-153 -157 -124
20 88 -149
4 17 103
4 -86 -141
106 35 43
-90 -191 -26
-139 -155 -49
-83 64 22
-155 60 -33
144 107 -189
-65 88 127
123 51 6
154 136 27
-43 161 0
-152 120 144
98 -178 41
23 -185 82
-156 44 -164
79 -127 -167
72 54 -73
8 59 -180
174 6 0
184 -156 10
-132 -98 -72
-93 -151 -91
-2 -173 -132
167 -190 136
120 -62 -187
-42 -37 45
157 171 102
181 -58 -137
-68 185 26
104 166 4
185 12 87
-122 -140 194
-58 -75 18
187 -100 -169
-167 -183 29
36 -31 -48
-124 82 -185
-14 -77 45
16 -112 -52
75 -29 91
64 -123 -13
69 91 -3
131 -126 112
-35 12 -175
22 -39 -173
188 -34 177
-113 -100 -135
14 27 52
166 115 8
116 142 -48
38 1 -95
32 195 -37
-177 -31 -184
163 -3 28
72 199 31
-2 172 70
-178 150 9
58 -12 -80
-66 -125 56
66 109 142
-63 92 -143
12 95 -69
21 150 -15
142 -100 155
62 -197 120
96 170 133
-23 6 1
-87 -57 -127
193 -116 161
184 -125 -194
-173 -110 -43
30 -155 18
-198 43 -19
-92 -188 8
42 144 47
148 -116 79
-139 60 -41
-67 -15 192
156 84 83
163 -67 -192
-82 -156 104
-147 4 47
-180 -192 -166
-159 -34 144
-111 62 182
137 38 53
-21 39 -171
-150 -142 -6
143 109 -171
-145 99 -73
-47 -71 30
67 199 155
138 -152 -197
103 156 -73
-196 89 -185
-169 154 119
58 -192 145
-132 160 3
161 82 100
26 -71 112
-153 28 29
38 96 -61
-17 51 -120
-64 193 172
89 -6 -135
-170 -64 -121
34 -166 171
-155 -70 -52
126 79 153
43 194 -130
185 -76 -82
-27 180 -29
-55 127 29
-153 105 35
-117 -134 36
-163 -124 -37
-12 -160 -68
64 -104 150
-81 107 -162
-107 -26 -51
-79 -195 -160
-91 -12 -196
124 81 192
-35 19 -119
-59 192 -138
-172 84 54
51 117 70
132 -10 9
60 -102 -138
101 -24 21
121 -76 -2
198 -124 -40
-106 -178 59
144 -90 -186
45 -92 -103
45 170 -55
-98 -155 196
31 -76 -16
-139 80 108
176 179 -107
-198 -173 50
10 -92 103
-51 67 4
-51 95 -159
-14 97 129
-188 -109 -94
-7 138 -35
86 -115 -140
13 -137 -79
-145 133 40
176 -163 -96
24 135 -173
-68 -60 109
-94 180 -166
59 87 152
-27 -39 -130
-49 150 -34
-108 161 -96
-126 -37 -169
108 187 79
-73 -133 -12
-79 -117 70
-41 -108 73
77 -89 -47
-194 -107 46
179 166 34
15 -173 118
174 -149 -62
-171 -107 -1
43 46 -108
-174 35 52
113 -68 -76
-72 -190 99
181 126 183
7 -139 45
110 -148 155
186 175 193
150 172 -59
-48 -144 -115
197 176 -2
-88 71 151
161 88 -4
167 6 111
-75 -13 176
-44 -189 150
-147 117 134
164 -170 170
0 -120 -154
1 -117 157
-148 142 41
71 -5 95
-90 36 2
44 -78 181
-129 147 -101
-139 99 27
50 179 -91
-59 154 94
-24 -49 172
-67 56 -168
-89 -117 170
-41 -54 46
-196 -12 18
-135 161 -81
-79 -132 -58
-181 -107 -69
69 176 171
-152 177 -142
156 61 199
80 -73 -191
40 105 -79
-159 -197 -8
-70 126 149
-105 157 -46
157 171 -197
73 -132 107
176 -46 -133
-121 154 41
43 38 -101
-134 -148 -166
157 196 39
35 -122 111
-139 199 70
-51 -180 101
-171 -82 -65
124 174 -71
136 -147 189
-94 103 2
-31 150 -140
-165 -154 159
-156 -30 -69
-85 90 -119
173 112 -1
117 -69 -120
97 -181 88
124 -79 -41
26 41 -60
-66 75 104
115 131 -43
-84 94 -23
-129 -107 142
65 -138 -55
117 -75 -40
151 -102 120
-93 25 -4
92 -87 157
-34 -53 -194
138 -177 22
154 89 -8
131 -199 -194
73 -102 22
-168 197 -132
89 54 -80
198 -80 22
3 -176 -159
22 92 153
-97 29 46
-93 105 -11
111 -20 -166
-113 -159 94
38 -179 -9
104 -120 -10
159 -61 54
-18 74 -87
-31 -37 -191
-110 86 -64
85 45 149
-7 85 -37
-61 86 52
58 -59 -5
165 -131 -105
-7 199 83
-171 125 187
-38 26 180
-82 103 134
14 89 109
-67 -181 196
121 153 -98
-136 -183 -122
187 -150 -95
113 159 160
-169 -115 148
160 129 -122
-31 99 20
13 198 17
-70 92 101
45 -139 -164
-149 153 18
14 76 104
175 -181 -113
-148 -160 -184
-55 -57 -122
-138 160 -87
37 -102 127
-14 -23 -149
169 -43 -121
-36 -38 -67
31 -172 171
-8 -101 -16
-149 -95 -6
-99 -112 170
-32 -149 -30
56 -2 190
131 -19 69
-85 84 -10
63 25 144
-111 55 163
12 -183 85
-186 191 71
-31 199 -92
58 74 -199
-139 40 -137
17 -57 -91
-83 177 174
-153 -115 107
111 -171 184
120 48 131
-163 -104 109
-17 -5 91
-109 194 -99
155 26 -197
13 159 -190
-9 130 -6
-68 183 -126
94 144 163
4 81 98
-184 -48 73
-86 -94 117
-70 -57 190
192 -197 -90
156 -41 -193
198 14 126
-48 101 97
-85 149 17
150 177 85
-72 85 -111
-138 -100 -185
108 -176 37
90 -32 125
-176 37 15
-113 -132 118
-80 -55 15
66 -18 55
-48 -1 103
185 -69 183
-111 -198 118
-160 -31 114
-49 129 145
-2 131 -72
187 -101 123
57 -118 166
71 -87 -161
-75 -155 -50
163 -15 123
34 -103 96
-47 44 -18
154 49 162
-17 -54 72
-181 -128 -44
-41 176 -72
5 -49 -176
-167 153 148
18 -5 2
-185 1 184
111 165 179
-142 -59 117
-134 144 54
-131 122 -5
128 -149 -42
12 -2 -87
43 -60 -197
119 120 -171
-104 -42 -121
43 -155 122
14 39 37
132 -21 -147
25 58 -128
9 6 -119
42 75 -25
-163 -193 141
163 88 -196
68 -175 -168
-178 -73 142
-85 -49 -57
149 151 24
142 196 -28
-189 165 -76
198 182 -140
-42 98 20
-115 60 -85
-158 61 16
128 -51 -85
105 -196 54
-140 -67 -69
-25 76 65
-64 125 -171
-192 106 -152
80 -164 23
-163 -112 185
-21 -131 -123
96 92 -66
-104 94 57
-104 -60 74
-79 -86 -198
-32 -27 13
-185 84 -31
32 139 -47
-80 -178 -181
-129 6 -13
10 110 -180
-123 188 76
9 53 57
-155 -69 161
185 -179 98
147 -89 33
-39 165 -31
47 180 -191
195 127 -121
-38 84 131
133 30 116
-187 -138 161
143 70 -3
66 10 -130
-18 162 -101
147 94 -99
-107 41 -200
113 105 -43
-36 14 -161
-7 130 70
-169 76 141
108 154 -25
-118 -13 -157
95 161 -35
38 -1 31
36 121 -143
-45 -200 175
-42 -117 -105
87 -106 -100
-83 -59 -145
-42 172 -103
192 -163 12
65 171 8
-196 11 -101
-186 -157 -109
57 158 150
114 10 96
181 128 113
-69 -24 143
-126 -170 -153
-35 -102 52
-49 -107 84
79 135 101
-37 79 -48
-15 125 -16
5 -174 10
-48 197 -20
-127 72 -125
107 -64 -5
-168 -117 -172
