789
12
231 -689 884
-980 -550 -645
-980 -540 -650
229 -692 884
-983 -543 -651
230 -689 884
217 -229 -660
572 -98 249
583 -243 -824
-180 779 857
-933 384 192
220 -227 -662
-918 417 806
803 -154 708
-235 -966 -311
-984 -898 -756
584 -239 -829
216 -228 -665
-983 -902 -760
567 -90 252
-927 417 811
-981 -897 -759
566 -96 246
-976 -544 -645
-919 413 814
216 -222 -665
211 -230 -663
-930 383 193
-234 -967 -308
-919 414 813
217 -223 -657
210 -228 -659
-975 -541 -652
-929 381 185
-932 382 190
-932 379 184
569 -94 249
-930 386 187
222 -688 889
-238 -963 -311
-177 783 858
-933 381 186
-229 -966 -303
-918 417 809
-176 776 854
-238 -958 -306
-919 408 804
-921 415 812
-231 -963 -311
-175 786 864
800 -150 705
-176 782 855
228 -687 888
368 926 -119
218 -229 -659
-933 383 191
211 -230 -667
-985 -902 -758
-179 785 862
-927 413 813
797 -157 706
-179 778 864
371 923 -115
368 923 -113
582 -240 -830
-231 -958 -307
568 -88 247
584 -240 -832
-923 411 809
226 -688 882
-173 776 860
376 926 -113
210 -224 -666
-990 -893 -760
568 -96 245
-989 -901 -754
-170 782 855
-174 784 857
-179 781 859
231 -692 884
213 -231 -658
-177 778 856
586 -238 -830
-178 783 863
-981 -547 -650
799 -155 706
376 924 -115
569 -90 253
216 -228 -657
-983 -901 -759
-927 411 813
562 -90 253
572 -88 252
-926 411 809
796 -157 702
378 925 -110
-927 377 193
587 -238 -825
-991 -899 -758
798 -157 709
377 931 -120
-977 -541 -655
368 924 -110
211 -231 -661
226 -692 891
-927 407 809
578 -238 -825
579 -243 -834
-238 -963 -303
378 923 -119
562 -91 244
-984 -902 -758
-986 -902 -760
374 923 -116
216 -221 -661
-925 378 194
223 -685 882
220 -228 -659
-929 385 193
-231 -958 -305
580 -237 -830
564 -90 245
571 -96 247
-985 -892 -752
-918 414 812
582 -243 -824
796 -153 712
213 -224 -658
803 -153 705
-177 780 857
-934 385 184
581 -243 -824
-985 -544 -648
374 929 -120
227 -685 886
377 927 -113
210 -221 -666
-990 -893 -759
-983 -895 -752
226 -691 891
-928 385 186
-925 415 808
370 926 -113
-235 -959 -303
793 -150 706
370 927 -116
-921 410 804
-984 -542 -654
-975 -543 -646
572 -89 253
798 -149 707
229 -686 889
-235 -966 -305
-976 -543 -653
-230 -961 -310
-985 -542 -654
-981 -892 -759
800 -148 704
-918 408 809
579 -236 -834
220 -226 -665
566 -95 249
-925 379 191
564 -94 244
-980 -540 -648
-932 377 189
583 -244 -827
-979 -550 -650
572 -89 249
-179 783 858
-177 784 858
579 -239 -827
213 -228 -667
801 -152 709
-919 412 805
372 932 -119
-927 412 804
571 -88 243
-980 -544 -645
795 -148 702
-983 -892 -759
220 -228 -663
565 -93 247
-989 -899 -754
-171 786 856
219 -225 -665
229 -689 888
585 -245 -832
-925 411 804
-171 780 861
569 -93 246
-178 783 860
227 -685 890
223 -691 890
-985 -892 -759
-172 780 861
-232 -963 -308
586 -240 -826
-237 -963 -305
801 -152 710
220 -230 -666
584 -239 -832
-232 -957 -305
-977 -545 -649
564 -97 253
796 -154 712
-926 409 805
227 -694 882
800 -149 702
-932 384 187
-975 -548 -647
-231 -967 -306
-987 -894 -751
801 -155 704
-924 407 814
-171 782 863
223 -691 889
-177 777 855
-927 408 812
-933 381 194
-986 -899 -755
226 -687 888
-926 380 191
-926 411 813
-923 413 813
-934 384 191
378 927 -117
563 -93 247
-925 380 187
568 -91 243
797 -149 711
-926 380 192
-988 -892 -761
378 931 -120
-981 -545 -648
-983 -898 -754
-979 -542 -653
-985 -895 -755
-924 384 190
-930 381 185
370 927 -118
-930 381 184
-177 779 858
803 -154 706
372 924 -115
-918 407 806
-979 -542 -650
795 -155 703
797 -148 706
570 -96 253
-991 -900 -754
-976 -548 -647
-177 779 863
797 -157 711
-920 409 811
214 -227 -660
230 -694 881
571 -91 246
214 -231 -664
-932 384 191
368 923 -115
-232 -958 -308
-925 411 805
220 -224 -666
373 929 -120
373 925 -117
800 -152 707
586 -237 -831
226 -694 891
802 -157 704
-172 776 856
-976 -544 -654
-178 786 862
-179 779 861
-990 -902 -759
-928 379 186
-919 411 807
370 930 -117
-174 781 864
-991 -894 -753
-931 377 187
-985 -896 -761
213 -229 -657
794 -155 708
376 927 -119
800 -152 703
-928 411 807
-975 -544 -652
213 -230 -666
-981 -549 -653
-976 -541 -645
-923 413 806
374 925 -110
-982 -541 -646
-921 410 809
370 932 -112
-984 -902 -754
563 -96 249
563 -94 243
-178 777 863
376 923 -113
-929 387 187
-170 779 862
801 -153 712
578 -237 -830
222 -688 888
-923 414 805
-986 -898 -760
-987 -892 -752
-984 -550 -653
-922 408 814
-987 -899 -756
-924 384 185
-929 382 192
-924 386 189
-171 785 856
-924 382 192
802 -157 703
578 -241 -827
-982 -543 -646
801 -147 709
-922 410 813
-180 778 858
-234 -958 -304
214 -228 -657
-985 -540 -652
222 -692 884
-930 383 185
-230 -967 -303
-923 410 808
569 -91 245
212 -223 -661
-231 -959 -301
368 929 -111
215 -231 -665
581 -237 -831
802 -157 706
-179 778 864
369 932 -110
-929 377 189
801 -151 705
-987 -899 -758
373 932 -115
-919 414 809
794 -151 705
222 -689 884
368 930 -112
586 -241 -833
-984 -545 -655
-231 -963 -306
563 -93 249
-985 -541 -654
-238 -961 -305
-231 -961 -307
-983 -545 -648
-984 -548 -650
218 -222 -659
799 -149 710
228 -686 881
372 933 -119
802 -150 702
225 -695 881
-928 377 186
372 928 -115
218 -230 -661
227 -686 882
793 -156 703
586 -243 -828
-179 781 854
220 -224 -660
215 -223 -665
220 -226 -665
228 -685 887
-986 -899 -754
216 -231 -666
797 -150 703
-927 384 190
-933 383 192
375 933 -113
-231 -963 -305
376 924 -118
-975 -546 -645
-921 416 810
212 -228 -658
-923 413 805
212 -228 -662
-232 -958 -306
224 -692 889
226 -691 886
-235 -959 -301
-925 378 186
567 -88 249
-172 779 860
-988 -899 -752
-238 -958 -310
-983 -542 -655
228 -691 889
565 -88 252
-976 -540 -649
-991 -900 -760
225 -689 885
372 927 -118
373 928 -112
-237 -967 -302
798 -155 706
793 -148 704
228 -693 881
-986 -895 -754
-920 407 804
793 -147 709
797 -154 710
373 930 -117
-988 -901 -754
803 -153 706
-923 414 810
-984 -540 -647
228 -688 884
-175 786 855
-991 -894 -757
571 -94 244
799 -149 703
-233 -966 -305
-927 381 184
-170 781 864
578 -236 -834
-928 412 810
-234 -963 -311
-933 381 189
373 929 -112
570 -98 248
564 -88 247
587 -246 -828
-236 -957 -310
-985 -896 -755
-180 777 862
800 -152 707
222 -689 890
-925 381 192
368 930 -119
-983 -892 -756
-231 -958 -306
586 -241 -833
-175 776 854
-927 386 184
-930 382 188
373 927 -120
226 -689 884
-176 779 858
210 -226 -663
-928 386 188
230 -689 887
-983 -549 -648
225 -695 884
-926 413 805
-926 407 812
219 -229 -664
-926 407 812
368 923 -114
578 -237 -830
802 -152 705
230 -694 886
-985 -548 -650
-179 786 857
-975 -541 -647
-179 782 864
572 -90 244
230 -690 891
-926 387 190
-985 -896 -761
-924 377 186
-931 377 191
583 -245 -834
578 -237 -826
-237 -958 -308
-924 378 186
571 -88 247
-926 386 186
-170 782 859
-170 778 858
372 933 -116
-985 -893 -761
227 -691 881
-981 -546 -652
584 -241 -834
374 932 -115
581 -239 -833
581 -243 -832
-975 -543 -646
-231 -966 -305
213 -226 -663
-923 417 813
579 -237 -824
-177 785 863
378 931 -112
564 -89 250
-976 -545 -652
373 928 -112
369 930 -116
585 -242 -830
-234 -964 -305
794 -157 706
795 -155 703
578 -245 -830
-925 384 188
798 -147 710
368 932 -115
-177 781 861
-234 -959 -307
-929 382 184
-977 -549 -651
-921 417 807
-933 384 184
222 -692 887
563 -93 249
586 -238 -830
-982 -546 -652
219 -231 -659
-170 784 863
-234 -966 -310
-979 -544 -654
-978 -541 -645
223 -694 884
370 925 -110
-924 412 804
562 -91 244
216 -221 -666
566 -94 253
797 -157 705
224 -693 883
-928 380 186
-985 -897 -759
-179 781 857
569 -96 245
229 -695 883
-931 378 190
-980 -545 -650
212 -222 -663
793 -148 712
796 -149 710
582 -243 -824
-228 -962 -301
-928 413 810
210 -225 -662
-989 -900 -752
-921 410 811
578 -238 -831
-179 781 859
801 -151 710
798 -156 707
-927 384 192
-919 416 813
-931 387 191
-991 -895 -755
-934 386 188
215 -229 -664
-926 382 192
-235 -958 -303
220 -221 -660
-233 -960 -302
218 -222 -667
-932 384 192
369 931 -116
-929 380 194
-986 -894 -754
-170 784 863
-176 784 863
-228 -965 -306
-984 -901 -753
-933 386 189
223 -689 890
567 -93 250
-983 -899 -759
796 -150 704
-237 -960 -311
796 -148 704
223 -686 887
577 -239 -832
-174 784 858
-981 -899 -757
802 -152 710
795 -148 707
-929 382 189
564 -91 245
584 -246 -826
226 -695 882
-987 -901 -752
215 -224 -666
585 -246 -828
-237 -965 -307
800 -155 710
374 927 -118
-231 -967 -306
218 -225 -666
-991 -893 -754
802 -155 711
229 -694 890
800 -154 712
-170 785 863
228 -688 891
216 -224 -658
369 931 -115
-986 -901 -757
-236 -967 -304
210 -226 -667
378 925 -110
582 -245 -830
-228 -959 -301
803 -154 707
-981 -893 -751
-928 412 812
-986 -900 -759
-170 785 860
231 -692 881
217 -227 -664
578 -239 -828
-232 -957 -310
376 927 -117
566 -88 244
803 -157 702
568 -98 248
-918 413 811
-920 416 806
564 -94 246
569 -90 246
799 -156 709
580 -246 -825
-238 -960 -307
802 -151 706
-982 -902 -759
212 -221 -658
-228 -961 -311
-175 780 861
587 -238 -828
580 -244 -829
-172 783 861
370 930 -111
-178 781 858
-231 -959 -308
220 -224 -660
210 -223 -660
-231 -967 -311
798 -152 707
-918 413 814
582 -244 -833
-986 -902 -760
375 925 -120
-922 410 813
-177 784 858
219 -226 -667
-986 -896 -761
-172 779 857
-927 412 805
227 -688 885
-177 780 860
227 -686 885
-988 -893 -754
217 -225 -665
-173 786 860
583 -236 -825
-921 414 808
-235 -965 -302
577 -241 -825
-920 413 804
-985 -902 -757
567 -96 248
-238 -967 -306
374 924 -113
218 -230 -657
-925 408 806
565 -90 252
368 930 -116
215 -222 -659
218 -225 -665
224 -694 887
586 -242 -828
584 -242 -824
587 -239 -829
375 930 -113
216 -221 -662
566 -95 246
581 -238 -825
-991 -898 -751
583 -245 -824
225 -687 882
-923 416 811
372 925 -117
-229 -958 -307
-228 -959 -308
-925 407 810
572 -97 247
378 925 -111
223 -689 888
230 -689 885
371 929 -120
572 -94 253
372 923 -119
224 -689 884
229 -687 891
223 -695 891
-173 779 859
585 -236 -828
370 931 -113
217 -231 -658
-175 779 859
571 -94 247
579 -243 -826
586 -240 -831
-928 414 811
577 -240 -830
-922 410 813
-923 412 809
-174 780 861
377 932 -110
213 -228 -663
-983 -899 -751
-175 778 862
-175 781 859
-985 -897 -759
-985 -894 -759
230 -688 891
570 -97 244
-229 -962 -305
-237 -964 -311
586 -246 -834
-238 -960 -310
563 -98 253
580 -241 -824
216 -229 -667
581 -246 -827
577 -244 -831
215 -226 -662
-983 -902 -757
580 -245 -824
572 -92 246
375 928 -120
-230 -965 -308
-987 -893 -752
-991 -896 -752
373 928 -115
566 -98 252
221 -693 886
-233 -962 -306
570 -90 248
569 -90 249
-986 -897 -756
223 -694 890
583 -240 -824
569 -94 248
228 -695 883
225 -690 887
568 -97 252
572 -88 246
566 -97 244
222 -689 889
569 -98 244
565 -89 244
568 -92 250
226 -688 881
223 -695 887
231 -690 881
586 -236 -826
229 -695 888
572 -98 244
566 -92 250
579 -237 -828
570 -88 244
582 -241 -829
567 -89 243
569 -92 247
226 -690 886
565 -98 246
570 -88 243
564 -95 253
564 -92 244
570 -90 243
569 -92 244
563 -98 249
568 -92 243
571 -89 253
566 -98 246
562 -97 244
566 -96 253
572 -92 248
562 -92 249
572 -92 247
569 -98 248
570 -94 246
572 -93 247
567 -93 248
