120
12
0 -591 0
0 -592 0
0 -593 0
0 -594 0
-791 0 0
-792 0 0 
-793 0 0
-794 0 0
-795 0 0
-796 0 0
-797 0 0
-798 0 0
-799 0 0
-800 0 0
0 -595 0
0 -596 0
0 -597 0
0 -598 0
0 -599 0
0 -100 0
0 891 0 
0 892 0  
0 893 0 
0 894 0 
0 895 0 
0 896 0 
0 897 0 
0 898 0 
0 899 0 
0 900 0 
0 0 -491 
0 0 -492 
0 0 -493 
0 0 -494 
0 0 -495 
0 0 91  
0 0 92   
0 0 93  
0 0 94  
0 0 95  
0 0 96  
0 0 97  
0 0 98  
0 0 99  
0 0 100 
0 0 -496 
0 0 -497 
0 0 -498 
0 0 -499 
0 0 -100
0 -91 0
0 -92 0
0 -93 0
0 -94 0
-191 0 0
-192 0 0 
-193 0 0
-194 0 0
-195 0 0
-196 0 0
-197 0 0
-198 0 0
-199 0 0
-200 0 0
0 -95 0
0 -96 0
0 -97 0
0 -98 0
0 -99 0
0 -100 0
-91 0 0
-92 0 0 
-93 0 0
-94 0 0
0 -191 0 
0 -192 0 
0 -193 0 
0 -194 0 
0 -195 0 
0 -196 0 
0 -197 0 
0 -198 0 
0 -199 0 
0 -200 0 
-95 0 0
-96 0 0
-97 0 0
-98 0 0
-99 0 0
-100 0 0
0 0 -91 
0 0 -92 
0 0 -93 
0 0 -94 
0 0 -95 
0 0 -191  
0 0 -192   
0 0 -193  
0 0 -194  
0 0 -195
0 291 0 
0 292 0  
0 293 0 
0 294 0 
0 295 0 
0 296 0 
0 297 0 
0 298 0 
0 299 0 
0 300 0   
0 0 -196  
0 0 -197  
0 0 -198  
0 0 -199  
0 0 -200 
0 0 -96 
0 0 -97 
0 0 -98 
0 0 -99 
0 0 -100