500
2
1000 10 0
-1000 -8 0
-59 46 19
-22 -42 -3
-100 -5 -51
-97 -11 -39
-100 -24 22
11 81 58
89 -79 13
-57 100 -27
46 -19 -53
-26 88 -73
69 33 25
-31 -89 75
-59 -69 -95
-11 -28 -35
-49 22 -80
70 1 -83
-34 88 -41
-85 -58 -35
-39 13 30
51 -82 11
-85 -26 -8
60 49 -29
13 -57 -19
18 50 33
75 7 -30
85 -83 43
15 9 -85
34 36 68
45 -35 73
77 -76 -45
53 46 -91
-94 15 -50
-20 -38 -50
35 -10 -87
39 -19 -85
83 13 -93
-87 67 -34
35 66 -53
-42 -50 -84
-71 69 -78
41 0 -17
76 100 44
15 -70 20
80 47 -28
52 -21 35
-84 -82 81
50 -25 -34
91 0 88
36 32 -2
-22 12 10
80 -38 84
34 -55 -33
81 84 -31
-12 -24 48
48 -89 -2
86 37 -34
-79 -67 41
-65 -69 93
-81 -7 -97
-64 -63 80
-17 94 -71
-2 70 -16
-28 11 -9
65 59 66
0 61 -86
-59 47 59
-77 -47 23
75 49 18
-4 7 66
-71 -46 -48
91 -64 -83
92 74 42
25 -18 -45
93 -16 -71
-25 44 -64
-89 -89 -47
-24 -41 14
74 45 89
75 41 97
88 80 -71
53 70 67
-33 -16 94
-5 51 1
-16 7 82
2 37 14
40 67 77
-35 13 -98
25 0 -80
-68 36 -23
14 -50 93
-91 -68 -22
-71 -66 98
-83 -21 -83
76 97 -5
-46 -9 83
40 52 29
16 16 72
-25 -57 -83
-31 7 74
-72 -22 11
-84 -76 73
23 -32 63
-60 66 100
-18 -93 -98
-20 10 -63
71 -3 80
-91 0 -6
28 7 24
8 98 95
78 -88 -29
-16 -35 -15
-48 16 3
-86 -46 -55
-67 21 93
78 -66 -25
89 61 -16
-22 -85 26
6 53 -67
70 -91 -93
-2 -22 -57
63 -81 -46
-60 55 43
62 98 -53
49 9 52
-65 -89 4
11 -89 82
-64 -47 -8
58 10 -37
-59 13 -84
16 -73 -39
-69 -73 -41
-21 91 -83
60 -7 14
-30 49 -19
63 -94 25
11 69 -76
-60 24 -54
-87 36 -96
89 45 55
-86 -100 -36
86 -78 57
97 -9 43
92 32 -42
-81 66 12
-46 51 58
-51 -6 64
15 -18 65
59 -69 19
-58 -16 96
10 -21 -73
-23 95 90
42 80 37
31 -48 -42
-70 44 61
51 97 -64
-60 39 -92
-30 41 -6
72 -22 82
75 93 93
-50 -42 27
79 -48 -56
-78 -34 -84
-4 -12 26
-21 97 11
70 -71 69
-52 14 -36
73 -77 30
24 -64 -74
-29 -36 37
89 43 8
-67 -86 99
27 16 76
-71 5 53
58 -96 -90
41 26 48
44 -65 -47
89 41 53
9 -89 -82
35 -78 -14
-13 -14 9
1 37 91
-98 42 -35
17 80 -40
2 -60 -27
-53 -5 -38
-27 63 34
67 -53 -98
75 -63 -22
80 79 -25
53 42 42
61 -35 -67
-57 -45 25
34 -87 -66
42 -55 63
88 -80 -75
-51 20 -66
-62 17 -31
42 -71 0
-22 -1 -64
63 -68 -42
6 79 -28
-51 99 30
23 -13 -12
32 -73 -36
39 88 -87
33 61 -86
-91 -23 4
-19 -90 27
82 30 91
19 -31 -69
15 20 99
-25 54 52
84 73 -50
27 10 16
76 -27 89
18 36 -66
47 38 81
-20 -75 56
-94 -64 45
-21 0 12
49 -39 23
55 51 24
-81 -24 3
-45 -29 66
-51 68 49
-99 64 54
23 -37 74
96 -42 3
78 63 33
82 35 -3
-8 -47 -34
77 95 16
19 -73 -2
41 -100 -82
-75 -39 -86
-37 32 -31
-9 72 -60
-85 -97 -41
39 -53 -51
-23 -19 -21
44 -8 -48
82 -99 -28
56 -88 53
-91 -56 -11
-2 51 83
-12 -82 49
-70 -96 -62
-44 -71 -1
97 -31 47
-22 48 66
58 -58 50
-17 42 94
-32 -6 -16
-100 -51 -98
15 -100 57
-51 17 -56
70 -74 32
-81 -71 -52
86 63 82
-50 66 43
-18 -13 39
-77 35 1
97 -20 96
98 71 -23
14 -90 -25
17 -52 -13
-29 48 -66
73 -11 -95
-24 86 -78
-38 -70 32
-18 51 -97
94 -46 15
-96 -55 56
-40 -35 -98
73 -43 3
-66 -48 -30
-68 -73 0
52 -22 23
35 79 -52
-19 6 -29
-95 -25 -64
-92 -10 -51
40 89 -41
-97 69 -6
-36 35 -12
-7 69 -72
72 37 14
-39 -37 0
5 -53 97
52 -77 -91
-8 56 78
7 -33 -93
-2 4 -70
99 -48 66
8 -72 57
45 13 -41
-26 20 -7
-87 -73 -27
37 -18 -99
50 87 -18
75 -41 -54
8 -23 -36
-10 -78 -34
64 54 -27
-61 46 -37
-34 -70 -7
61 8 -75
-34 83 62
86 10 66
73 52 34
-63 -79 27
-25 -15 27
-80 81 -98
6 0 -51
100 -13 -74
8 -76 6
-67 37 -88
-33 -47 -84
-29 17 57
79 31 -4
93 12 93
-44 -57 22
100 -96 -59
22 8 -32
6 40 -2
-84 -63 -20
-51 34 -18
69 11 27
-13 9 -7
76 85 -54
77 -49 -73
67 -72 9
-67 97 -4
-97 60 -48
50 74 16
-39 98 -61
-56 -62 -32
-12 -92 -26
64 87 -37
3 -48 -38
55 42 -64
5 -81 59
70 -19 -32
16 68 25
-55 -65 8
50 -36 99
100 -90 47
-64 55 -92
-48 5 -68
-95 80 51
-43 100 14
-6 34 18
71 79 -83
82 43 7
0 62 19
81 76 -63
-7 61 50
34 -42 -96
54 -19 -97
38 -22 24
-37 -86 -100
-63 -61 20
-86 -55 32
-59 -74 20
16 69 67
38 -10 79
-47 10 73
50 21 -18
-25 -11 -49
-78 43 -56
24 -75 -69
-94 -67 -21
60 75 -84
40 17 -8
37 -80 7
-95 26 95
55 1 82
76 35 79
72 74 -22
-77 -67 10
42 -99 28
-60 -2 61
99 41 -37
83 -9 38
96 -85 -25
-70 13 -54
-50 -35 55
-48 -55 19
-57 -74 -72
92 37 -13
-33 38 35
85 -90 -62
28 -94 -90
81 -41 77
92 67 -60
-86 -98 82
35 -73 -100
35 26 -45
-65 62 -65
53 -48 -48
78 -16 64
20 -29 -98
36 16 -9
-44 6 86
21 49 54
-34 45 20
-17 -100 84
-48 -10 -56
-59 37 -56
-67 -39 59
-97 29 -87
9 -42 -5
-46 85 -99
40 79 6
23 43 -99
21 -31 -40
13 82 29
3 100 -52
-83 8 -76
-39 -50 -10
45 26 28
80 55 -2
63 23 34
-45 -44 -6
95 -40 -77
10 76 18
74 -37 -13
99 -74 -98
5 36 9
-31 81 51
-100 -52 -83
27 27 25
-70 -64 -76
44 3 -98
-32 61 50
-82 -94 -91
-46 93 41
44 36 -60
21 38 -97
-53 -42 35
-85 76 23
-51 -65 -1
-90 -59 -31
-69 44 87
-32 -37 87
-23 75 -72
-98 -45 19
26 26 89
-52 -66 85
25 -53 99
-53 85 3
62 -98 -22
56 92 80
-46 -4 98
10 98 -88
-9 -50 13
9 -31 -79
-76 -17 -59
-75 -67 -5
26 -64 72
-10 -18 -5
-66 -54 56
95 -4 100
89 -4 -75
87 50 84
33 77 -88
62 -43 44
92 12 67
76 79 66
-88 12 41
-89 -18 1
-99 53 -34
65 86 12
-22 39 78
-60 -28 -95
1 -67 83
-29 38 82
74 51 -97
97 -40 30
-66 4 -72
-31 -18 59
51 16 98
73 -33 -92
64 -21 -5
16 60 -39
-53 -47 -66
49 -59 4
-83 -72 -25
18 62 4
-64 -69 11
-80 -65 -15
-8 -48 -21
88 -21 46
1 82 47
-30 -45 82
11 79 26
-21 -88 71
-21 3 81
