1000
7
237 -165 657
237 -165 657
237 -165 657
237 -165 657
237 -165 657
237 -165 657
237 -165 657
237 -165 657
237 -165 657
237 -165 657
237 -165 657
237 -165 657
237 -165 657
237 -165 657
237 -165 657
237 -165 657
237 -165 657
237 -165 657
237 -165 657
237 -165 657
237 -165 657
237 -165 657
237 -165 657
237 -165 657
237 -165 657
237 -165 657
237 -165 657
237 -165 657
237 -165 657
237 -165 657
237 -165 657
237 -165 657
237 -165 657
237 -165 657
237 -165 657
237 -165 657
237 -165 657
237 -165 657
237 -165 657
237 -165 657
237 -165 657
237 -165 657
237 -165 657
237 -165 657
237 -165 657
237 -165 657
237 -165 657
237 -165 657
237 -165 657
237 -165 657
237 -165 657
237 -165 657
237 -165 657
237 -165 657
237 -165 657
237 -165 657
237 -165 657
237 -165 657
237 -165 657
237 -165 657
237 -165 657
237 -165 657
237 -165 657
237 -165 657
237 -165 657
237 -165 657
237 -165 657
237 -165 657
237 -165 657
237 -165 657
237 -165 657
237 -165 657
237 -165 657
237 -165 657
237 -165 657
237 -165 657
237 -165 657
237 -165 657
237 -165 657
237 -165 657
237 -165 657
237 -165 657
237 -165 657
237 -165 657
237 -165 657
237 -165 657
237 -165 657
237 -165 657
237 -165 657
237 -165 657
237 -165 657
237 -165 657
237 -165 657
237 -165 657
237 -165 657
237 -165 657
237 -165 657
237 -165 657
237 -165 657
237 -165 657
237 -165 657
237 -165 657
237 -165 657
237 -165 657
237 -165 657
237 -165 657
237 -165 657
237 -165 657
237 -165 657
237 -165 657
237 -165 657
237 -165 657
237 -165 657
237 -165 657
237 -165 657
237 -165 657
237 -165 657
237 -165 657
237 -165 657
237 -165 657
237 -165 657
237 -165 657
237 -165 657
237 -165 657
237 -165 657
237 -165 657
237 -165 657
237 -165 657
237 -165 657
237 -165 657
237 -165 657
237 -165 657
237 -165 657
237 -165 657
237 -165 657
237 -165 657
237 -165 657
237 -165 657
237 -165 657
237 -165 657
237 -165 657
237 -165 657
237 -165 657
237 -165 657
237 -165 657
237 -165 657
237 -165 657
237 -165 657
237 -165 657
237 -165 657
237 -165 657
237 -165 657
237 -165 657
237 -165 657
237 -165 657
237 -165 657
237 -165 657
237 -165 657
237 -165 657
237 -165 657
237 -165 657
237 -165 657
237 -165 657
237 -165 657
237 -165 657
237 -165 657
237 -165 657
237 -165 657
237 -165 657
237 -165 657
237 -165 657
237 -165 657
237 -165 657
237 -165 657
237 -165 657
237 -165 657
237 -165 657
237 -165 657
237 -165 657
237 -165 657
237 -165 657
237 -165 657
237 -165 657
237 -165 657
237 -165 657
237 -165 657
237 -165 657
237 -165 657
237 -165 657
237 -165 657
237 -165 657
237 -165 657
237 -165 657
237 -165 657
237 -165 657
237 -165 657
237 -165 657
237 -165 657
237 -165 657
237 -165 657
237 -165 657
237 -165 657
237 -165 657
237 -165 657
237 -165 657
237 -165 657
237 -165 657
237 -165 657
237 -165 657
237 -165 657
237 -165 657
237 -165 657
237 -165 657
237 -165 657
237 -165 657
237 -165 657
237 -165 657
237 -165 657
237 -165 657
237 -165 657
237 -165 657
237 -165 657
237 -165 657
237 -165 657
237 -165 657
237 -165 657
237 -165 657
237 -165 657
237 -165 657
237 -165 657
237 -165 657
237 -165 657
237 -165 657
237 -165 657
237 -165 657
237 -165 657
237 -165 657
237 -165 657
237 -165 657
237 -165 657
237 -165 657
237 -165 657
237 -165 657
237 -165 657
237 -165 657
237 -165 657
237 -165 657
237 -165 657
237 -165 657
237 -165 657
237 -165 657
237 -165 657
237 -165 657
237 -165 657
237 -165 657
237 -165 657
237 -165 657
237 -165 657
237 -165 657
237 -165 657
237 -165 657
237 -165 657
237 -165 657
237 -165 657
237 -165 657
237 -165 657
237 -165 657
237 -165 657
237 -165 657
237 -165 657
237 -165 657
237 -165 657
237 -165 657
237 -165 657
237 -165 657
237 -165 657
237 -165 657
237 -165 657
237 -165 657
237 -165 657
237 -165 657
237 -165 657
237 -165 657
237 -165 657
237 -165 657
237 -165 657
237 -165 657
237 -165 657
237 -165 657
237 -165 657
237 -165 657
237 -165 657
237 -165 657
237 -165 657
237 -165 657
237 -165 657
237 -165 657
237 -165 657
237 -165 657
237 -165 657
237 -165 657
237 -165 657
237 -165 657
237 -165 657
237 -165 657
237 -165 657
237 -165 657
237 -165 657
237 -165 657
237 -165 657
237 -165 657
237 -165 657
237 -165 657
237 -165 657
237 -165 657
237 -165 657
237 -165 657
237 -165 657
237 -165 657
237 -165 657
237 -165 657
237 -165 657
237 -165 657
237 -165 657
237 -165 657
237 -165 657
237 -165 657
237 -165 657
237 -165 657
237 -165 657
237 -165 657
237 -165 657
237 -165 657
237 -165 657
237 -165 657
237 -165 657
237 -165 657
237 -165 657
237 -165 657
237 -165 657
237 -165 657
237 -165 657
237 -165 657
237 -165 657
237 -165 657
237 -165 657
237 -165 657
237 -165 657
237 -165 657
237 -165 657
237 -165 657
237 -165 657
237 -165 657
237 -165 657
237 -165 657
237 -165 657
237 -165 657
237 -165 657
237 -165 657
237 -165 657
237 -165 657
237 -165 657
237 -165 657
237 -165 657
237 -165 657
237 -165 657
237 -165 657
237 -165 657
237 -165 657
237 -165 657
237 -165 657
237 -165 657
237 -165 657
237 -165 657
237 -165 657
237 -165 657
237 -165 657
237 -165 657
237 -165 657
237 -165 657
237 -165 657
237 -165 657
237 -165 657
237 -165 657
237 -165 657
237 -165 657
237 -165 657
237 -165 657
237 -165 657
237 -165 657
237 -165 657
237 -165 657
237 -165 657
237 -165 657
237 -165 657
237 -165 657
237 -165 657
237 -165 657
237 -165 657
237 -165 657
237 -165 657
237 -165 657
237 -165 657
237 -165 657
237 -165 657
237 -165 657
237 -165 657
237 -165 657
237 -165 657
237 -165 657
237 -165 657
237 -165 657
237 -165 657
237 -165 657
237 -165 657
237 -165 657
237 -165 657
237 -165 657
237 -165 657
237 -165 657
237 -165 657
237 -165 657
237 -165 657
237 -165 657
237 -165 657
237 -165 657
237 -165 657
237 -165 657
237 -165 657
237 -165 657
237 -165 657
237 -165 657
237 -165 657
237 -165 657
237 -165 657
237 -165 657
237 -165 657
237 -165 657
237 -165 657
237 -165 657
237 -165 657
237 -165 657
237 -165 657
237 -165 657
237 -165 657
237 -165 657
413 -600 888
767 316 888
-301 -999 -934
-917 999 -130
320 -651 -224
348 -668 -200
356 -652 -197
342 -695 -215
340 -681 -214
341 -655 -212
346 -669 -194
350 -664 -226
319 -695 -220
339 -669 -230
338 -685 -217
344 -677 -234
315 -690 -197
320 -697 -203
313 -677 -198
358 -680 -194
313 -691 -190
349 -657 -206
328 -694 -217
333 -690 -184
349 -673 -207
346 -698 -231
330 -661 -224
359 -655 -220
331 -670 -186
325 -656 -234
360 -662 -213
352 -685 -186
332 -694 -199
342 -695 -232
343 -667 -210
345 -690 -198
359 -679 -188
327 -691 -220
331 -693 -223
325 -668 -228
312 -673 -189
352 -675 -217
359 -666 -202
313 -690 -232
320 -691 -227
331 -655 -194
326 -686 -186
360 -697 -215
341 -661 -199
322 -681 -229
324 -686 -190
349 -695 -189
332 -662 -225
343 -660 -228
326 -652 -200
345 -689 -217
360 -667 -223
312 -698 -208
351 -689 -184
345 -684 -205
359 -666 -193
313 -698 -206
325 -688 -219
315 -682 -224
337 -674 -218
322 -656 -203
355 -696 -219
357 -695 -221
343 -696 -195
359 -667 -232
343 -652 -198
345 -675 -227
331 -686 -199
324 -675 -185
350 -685 -207
317 -653 -207
347 -664 -196
352 -677 -202
330 -689 -233
337 -662 -201
335 -651 -229
334 -670 -223
323 -661 -215
322 -662 -194
337 -661 -232
358 -684 -219
343 -672 -212
315 -691 -227
351 -664 -212
313 -682 -193
311 -652 -218
315 -692 -220
355 -698 -222
316 -658 -210
355 -682 -225
345 -667 -199
323 -671 -202
357 -664 -196
342 -668 -191
361 -678 -228
332 -687 -226
341 -699 -201
343 -687 -196
359 -689 -229
326 -680 -224
333 -670 -231
312 -664 -222
322 -677 -210
329 -660 -215
325 -653 -234
338 -671 -210
314 -663 -189
352 -651 -185
313 -697 -230
358 -687 -233
311 -659 -193
347 -698 -196
345 -700 -221
334 -680 -185
355 -655 -218
334 -682 -203
320 -663 -202
318 -690 -199
346 -686 -208
359 -659 -232
323 -695 -211
326 -657 -210
351 -695 -200
320 -671 -217
339 -655 -193
331 -675 -200
318 -693 -203
328 -684 -220
316 -684 -188
357 -682 -204
337 -684 -233
329 -660 -220
360 -652 -231
338 -685 -191
332 -670 -207
332 -662 -230
313 -681 -209
354 -667 -228
320 -671 -186
338 -667 -232
354 -665 -211
317 -651 -185
315 -674 -193
355 -682 -195
334 -681 -194
321 -676 -198
314 -677 -228
322 -671 -201
325 -674 -209
358 -698 -200
342 -675 -198
314 -677 -232
340 -686 -225
333 -673 -196
352 -683 -229
350 -698 -206
322 -667 -222
325 -685 -218
351 -686 -233
354 -651 -219
353 -692 -223
326 -690 -217
314 -656 -214
341 -669 -210
332 -664 -214
334 -662 -199
341 -700 -210
356 -659 -225
320 -658 -210
343 -694 -196
351 -658 -204
361 -692 -212
355 -697 -223
360 -699 -220
320 -679 -216
332 -695 -194
357 -697 -197
347 -687 -217
312 -689 -198
343 -651 -215
360 -697 -209
317 -650 -220
345 -665 -195
346 -677 -228
341 -659 -205
321 -696 -222
324 -684 -200
311 -667 -205
322 -657 -194
346 -663 -219
323 -689 -186
322 -674 -188
357 -661 -208
329 -655 -224
344 -652 -215
349 -690 -210
314 -656 -200
321 -653 -213
338 -664 -212
324 -699 -227
336 -677 -218
336 -657 -206
324 -682 -221
343 -698 -201
314 -653 -209
324 -680 -226
342 -672 -214
313 -651 -186
349 -655 -202
324 -698 -226
321 -657 -212
313 -679 -213
357 -692 -188
359 -658 -201
329 -684 -195
349 -651 -192
326 -682 -204
350 -660 -199
344 -679 -197
346 -696 -184
313 -700 -197
334 -679 -186
316 -659 -210
358 -652 -215
324 -690 -192
347 -674 -225
315 -695 -212
329 -659 -223
351 -699 -184
355 -700 -201
329 -662 -192
350 -665 -190
314 -692 -193
311 -698 -187
346 -656 -217
321 -673 -230
352 -651 -193
316 -690 -189
317 -666 -222
318 -659 -208
356 -667 -190
314 -700 -223
347 -684 -210
349 -663 -207
316 -697 -233
344 -692 -198
316 -651 -187
351 -683 -197
335 -697 -192
325 -670 -212
332 -652 -205
358 -691 -186
323 -693 -209
360 -665 -223
312 -664 -211
345 -653 -231
343 -683 -224
360 -697 -219
338 -681 -229
317 -659 -231
339 -655 -192
322 -658 -221
330 -683 -225
314 -698 -188
324 -650 -216
345 -698 -215
311 -688 -231
314 -698 -225
358 -693 -201
349 -690 -225
343 -699 -194
359 -661 -217
350 -678 -205
326 -658 -186
326 -691 -209
353 -671 -222
340 -694 -187
342 -685 -187
323 -678 -209
358 -669 -213
333 -680 -201
347 -662 -195
318 -659 -197
361 -662 -209
344 -663 -193
322 -651 -204
353 -655 -188
343 -658 -210
314 -684 -205
346 -689 -193
340 -655 -223
327 -667 -200
317 -681 -215
329 -681 -234
315 -666 -210
314 -662 -227
333 -667 -191
324 -693 -225
314 -690 -193
326 -674 -216
345 -663 -207
327 -655 -228
321 -662 -212
314 -661 -231
348 -663 -188
335 -682 -234
317 -689 -206
349 -655 -184
360 -665 -196
335 -673 -219
346 -696 -230
341 -690 -196
328 -694 -205
341 -666 -195
353 -670 -192
320 -696 -232
356 -668 -234
350 -695 -228
359 -683 -215
336 -667 -192
340 -663 -194
350 -650 -210
330 -672 -206
314 -684 -214
344 -668 -184
348 -692 -219
354 -692 -209
333 -686 -190
351 -693 -201
358 -651 -204
318 -662 -205
317 -663 -227
345 -686 -214
335 -666 -194
341 -692 -217
349 -677 -184
357 -678 -224
346 -684 -207
353 -677 -211
326 -698 -222
338 -694 -201
324 -687 -193
313 -692 -187
347 -678 -229
355 -661 -205
353 -662 -200
324 -678 -213
340 -651 -217
337 -654 -208
314 -692 -217
320 -685 -228
358 -695 -200
315 -673 -213
337 -668 -211
325 -665 -200
337 -682 -233
359 -686 -191
331 -695 -228
327 -669 -225
360 -678 -198
349 -671 -195
355 -663 -212
356 -693 -216
337 -695 -211
346 -661 -211
339 -660 -196
353 -693 -196
332 -687 -224
312 -653 -230
334 -694 -189
312 -681 -217
323 -659 -229
331 -666 -185
361 -694 -191
349 -697 -191
312 -685 -233
319 -697 -205
357 -687 -189
328 -658 -219
334 -663 -193
328 -697 -220
343 -692 -194
326 -669 -232
357 -677 -187
361 -660 -188
325 -658 -227
353 -655 -201
340 -686 -192
332 -697 -223
318 -655 -206
346 -667 -208
355 -678 -191
335 -651 -185
333 -655 -220
322 -686 -200
313 -654 -227
333 -671 -212
347 -655 -196
350 -695 -217
344 -666 -196
326 -691 -215
323 -674 -231
321 -676 -213
341 -688 -188
329 -653 -192
325 -672 -232
328 -650 -204
322 -688 -233
352 -671 -223
335 -659 -184
318 -666 -227
344 -663 -187
343 -667 -201
355 -698 -216
325 -656 -186
354 -654 -219
327 -650 -231
339 -675 -189
342 -664 -229
332 -690 -187
315 -683 -189
327 -662 -232
334 -654 -225
336 -687 -193
329 -690 -225
349 -650 -211
349 -672 -194
323 -678 -203
360 -698 -226
344 -677 -220
335 -683 -225
322 -656 -195
317 -697 -230
330 -656 -233
314 -698 -208
339 -700 -190
316 -660 -229
338 -680 -191
314 -697 -204
337 -683 -232
355 -700 -199
322 -661 -226
325 -683 -190
319 -682 -209
346 -656 -190
346 -689 -212
361 -683 -184
355 -666 -230
332 -687 -229
323 -660 -225
324 -676 -225
312 -694 -232
330 -700 -195
348 -675 -232
316 -657 -199
327 -661 -214
318 -662 -205
353 -684 -232
340 -678 -187
330 -695 -217
328 -686 -204
360 -658 -191
360 -670 -190
359 -668 -197
325 -658 -210
314 -689 -205
352 -686 -215
318 -683 -233
314 -687 -191
319 -696 -188
358 -666 -195
349 -700 -203
328 -681 -205
335 -695 -233
326 -671 -185
311 -668 -222
325 -674 -219
316 -673 -228
354 -656 -196
359 -661 -193
316 -698 -211
342 -667 -215
361 -664 -202
315 -663 -185
319 -665 -187
325 -679 -198
351 -689 -224
327 -658 -184
320 -671 -230
334 -656 -186
361 -684 -215
317 -691 -210
353 -659 -230
339 -686 -206
348 -665 -201
343 -679 -219
354 -669 -205
345 -670 -215
348 -691 -225
341 -694 -215
331 -675 -218
341 -677 -219
331 -698 -213
319 -670 -222
355 -663 -220
325 -699 -209
330 -695 -203
335 -676 -210
344 -667 -202
324 -674 -215
323 -658 -185
346 -694 -190
322 -699 -211
327 -662 -217
313 -699 -234
340 -700 -190
345 -668 -202
318 -670 -234
325 -664 -185
326 -696 -203
317 -672 -216
349 -679 -204
324 -682 -194
312 -691 -234
313 -691 -218
339 -698 -190
345 -692 -212
349 -666 -204
334 -668 -223
339 -662 -209
341 -695 -194
336 -664 -213
354 -675 -201
337 -650 -188
347 -684 -187
323 -666 -210
332 -670 -208
315 -691 -225
321 -680 -187
359 -681 -190
314 -691 -188
350 -696 -209
324 -689 -184
323 -694 -218
313 -672 -217
321 -674 -207
351 -699 -195
360 -690 -200
329 -669 -222
