1000
3
659 -576 306
871 -760 -67
944 -10 493
-631 -681 -396
-767 -470 -681
886 -940 24
849 -798 271
-630 24 -482
-758 -599 -428
529 -446 153
-689 -950 -493
-207 -422 -204
-928 -487 -732
849 -425 288
116 273 307
803 -544 183
-680 -568 -640
980 -266 -3
557 83 488
-619 -649 -263
500 -599 -134
-295 -381 -248
722 -498 105
-821 -152 -412
-248 -752 -346
-893 -411 -275
-327 -465 -363
-251 -890 -580
916 -223 405
-280 -43 -96
-852 -669 -731
767 -608 390
-598 -436 -400
-644 -715 -566
737 -823 502
849 -245 51
452 -438 439
-649 -889 -305
-697 -765 -385
601 -369 361
726 -378 498
-404 -43 -337
967 -607 325
809 -216 367
-576 -138 -312
-944 -705 -809
216 -579 419
993 -523 107
-92 -72 509
567 -199 360
-850 -238 -282
879 309 454
-529 -79 -678
-580 -294 -395
654 -426 90
467 -665 214
973 93 -359
797 -605 580
-686 -127 -526
834 -906 756
754 -486 146
-483 -765 -477
-521 346 -197
392 -860 87
889 -289 191
801 -757 502
-268 -460 -328
666 -566 389
758 -379 160
-734 -578 -283
-525 -220 -91
-321 -726 -794
-641 -755 -399
-607 -361 -378
218 -718 711
678 -556 -85
-969 -934 -748
21 -662 145
-900 -732 -553
-824 -775 -746
-980 -292 -612
-623 13 -241
619 -261 414
883 -612 20
-853 -587 -315
-935 -452 205
-305 -774 -90
-888 -863 -78
527 -903 441
-323 -178 -528
-695 -484 -66
175 -308 470
333 -215 690
-893 -902 70
-645 -319 -41
884 -540 -91
-925 -438 96
889 -579 -75
-486 -534 -268
-264 -783 38
-890 -407 -285
-563 -879 -349
-717 -414 49
-848 -232 -331
851 -496 355
-666 -780 -107
-657 -235 -407
281 -150 483
-613 -447 -290
631 -510 62
972 -28 782
840 -177 352
-566 -272 -235
-792 -379 -616
-34 -203 -347
911 -777 235
647 -43 470
-375 -51 -418
-443 -489 -429
-249 22 -8
991 -397 -73
434 -628 419
-353 -313 -90
888 -20 302
761 -293 -92
-843 -870 -650
970 -588 448
545 -275 61
-645 -461 -415
841 -467 123
-850 -582 -729
949 -147 375
638 -271 -132
497 -996 302
950 -530 167
960 -661 524
870 -164 -85
-706 58 -211
431 -308 674
720 -375 209
828 -259 -74
549 142 371
219 -570 268
320 -102 -184
835 -580 139
-450 -207 -420
-666 -614 225
391 -332 548
-519 -807 -38
-529 -10 -797
684 -564 624
617 -712 39
-657 -482 -194
576 -532 376
815 -579 261
959 -580 33
-313 -739 -37
261 -810 599
888 -943 510
876 -570 -68
-926 -76 -635
142 -560 717
-133 -699 -392
-266 309 41
-555 -200 -232
-838 -41 4
-931 -506 -22
750 -605 217
857 -486 -184
-404 -796 -304
396 -605 875
-420 -434 -254
-387 -281 -195
897 -198 147
-451 -772 -376
582 -219 -511
500 -662 635
-348 -910 -102
91 -210 317
179 -642 428
-561 -578 -216
-697 -194 -263
-734 -987 -687
-281 -581 -437
663 -690 232
840 -495 -22
575 -607 203
-519 -415 -459
-910 -717 245
15 -433 -562
-967 -53 -423
-842 -833 -598
504 -170 470
-956 -566 -372
740 -833 -325
710 63 105
-289 -734 -289
-931 -295 -325
952 -561 235
1000 -141 8
985 -399 -5
-644 -651 128
-502 -544 -390
-414 -460 -572
-983 -310 -404
-926 -544 -378
-54 -461 -620
591 22 -89
642 -715 363
833 -653 351
945 -732 360
-753 -479 -438
786 -233 319
496 -264 -152
-545 -756 -323
-797 -425 -935
-602 -703 -474
472 -440 415
812 -318 141
-77 15 -95
-627 -623 -521
651 -89 908
-248 -959 -808
-669 -744 192
-423 -87 -545
-443 -530 -75
905 -257 -17
613 229 508
-602 -409 -409
-711 -535 -768
-697 -349 -331
-962 -352 -90
773 -294 44
215 -449 308
936 -788 551
-733 -543 -122
-395 -540 -574
-229 148 61
952 -362 628
-581 -467 -354
-915 -543 -288
278 -843 693
379 -589 260
977 -205 428
-395 -964 -487
643 -548 342
-626 -648 -175
918 -691 592
-145 -337 -353
-732 -881 -262
-359 -404 -39
606 -641 -62
290 -783 2
-825 -403 -306
402 -116 393
798 -299 71
-203 -94 514
601 -605 226
702 -238 473
-788 -445 -207
913 -319 512
434 -403 437
805 -125 333
839 -587 644
-846 -205 -970
-884 -379 -759
-450 73 -430
-443 -731 -917
-830 -625 -426
898 -296 -99
-415 -930 -689
754 -638 114
-881 -450 -557
801 -533 72
161 -40 600
852 -750 781
290 -334 611
-699 -556 -102
422 -810 659
544 -452 263
-661 -158 -559
925 -744 -478
503 -652 673
-905 -837 -179
-475 34 19
724 -625 59
-580 -422 -342
702 -808 -129
-381 -433 -282
625 -567 742
650 -405 626
580 -326 291
-755 -485 -368
-950 -799 -548
-748 -785 -53
-846 -407 368
-514 -834 -266
-812 -796 -181
-274 -695 -66
-372 -436 -316
-876 -529 -511
-539 -633 -175
772 -64 237
-558 -64 -591
-404 -120 127
630 -607 358
-574 -693 236
-497 -396 -3
739 -492 479
-356 -777 154
-605 -601 123
796 -701 381
-601 -614 -770
-457 -290 -547
485 -4 -73
315 -668 696
633 -618 671
-189 -448 -142
571 -612 22
-816 -312 -129
-877 -451 -295
793 -485 238
242 -764 571
809 -278 -94
-476 -855 -364
-661 -747 -625
-507 -204 -967
803 -100 549
-225 -624 -149
793 -542 -131
-919 -706 28
857 -353 750
-694 -280 -208
-897 -212 -356
565 -625 405
457 -557 223
987 -832 781
-772 -753 -509
781 -854 466
564 -394 407
385 -852 461
572 -434 227
-705 70 -341
909 -423 -107
984 -482 250
-593 -34 -682
-246 -398 -128
676 -509 364
-349 -588 -500
-637 -101 -33
-853 -752 -358
-817 -122 -880
930 -577 144
-624 -536 348
-914 -603 -377
-583 -657 -458
580 14 320
-458 -416 -545
743 -747 -182
-960 -826 -161
-446 -438 -524
-400 -418 -181
-489 -472 -383
621 -423 516
542 -528 352
647 -472 735
781 -603 224
818 -302 219
-546 -138 -67
767 -440 777
638 -189 198
882 -209 153
621 -613 404
665 -258 338
593 -354 97
-324 -551 -664
843 145 276
-916 -620 -161
729 -118 -36
-634 -143 -95
382 -578 795
612 -467 -58
609 -551 196
-742 -564 -604
-491 -318 -801
848 -116 282
-566 -767 22
950 -577 20
96 -241 26
-770 -638 -708
-871 -568 -315
-756 -136 -212
-279 -438 -539
-645 -180 -560
-855 -869 -621
559 -158 415
465 -503 438
-984 -282 -341
636 -513 341
785 -492 866
-844 -947 -341
751 -600 324
934 -194 604
-672 -588 -490
-813 -499 -145
845 -432 -11
658 -693 710
-949 -216 -245
525 -26 -39
-451 -493 35
777 -513 310
-92 -448 -569
698 -353 243
-766 -621 -283
694 -600 223
-528 -49 -267
-235 -578 -478
559 -449 3
-400 -339 144
-30 -457 -292
-582 -717 -972
-631 -397 -312
-222 -471 -248
600 -243 312
-473 -284 1
-779 -406 -743
789 -749 240
-806 -284 -258
-603 -716 -538
-516 -32 -71
743 42 516
526 -841 500
572 -48 693
-114 -252 -448
946 -101 375
371 -363 -7
-455 -807 -424
-698 -364 -322
-843 -371 -241
717 -9 243
-230 -814 -520
-305 23 186
713 -381 -74
-716 -133 -405
-815 -581 -397
-407 -464 417
851 -508 -162
707 -411 105
975 -878 469
-578 -659 11
918 -98 261
-862 -313 -576
413 -895 583
611 -580 468
-911 -456 141
758 -711 847
-565 -208 -459
-223 -778 -194
-512 -572 -482
916 -191 117
644 -60 336
-748 -302 -29
529 -407 487
680 -432 68
-857 -117 -222
989 -589 -11
-453 -763 -744
-700 -671 -386
-545 -756 -501
204 -320 611
951 -800 -108
-480 -304 -143
-749 -348 217
-644 -519 -576
-413 -525 106
33 -411 413
563 -999 16
-771 -130 78
757 -517 -626
52 -384 -67
-441 -768 -154
479 -617 -240
-529 -897 273
438 -502 887
-452 -421 -223
961 -592 308
-835 269 -113
793 -569 287
645 -678 447
755 -123 713
842 -608 237
321 -655 833
-164 -627 125
-773 -767 -361
-746 -521 -791
546 -355 -70
-968 -250 -710
613 -945 488
812 -869 541
850 -564 -278
-861 -168 -31
-608 -473 -327
221 -246 -297
233 -173 332
-917 187 576
399 -349 547
-538 -389 -794
-634 -285 -354
-937 -595 84
383 -543 684
251 -201 107
775 -414 -361
991 -494 -70
679 -48 -76
-709 -611 -740
836 -106 825
800 -399 0
539 -900 854
970 -299 549
669 -668 198
-173 -698 636
-858 -476 -309
-750 -852 -616
-693 -553 -390
980 -608 77
706 -577 199
-507 -811 178
721 -542 626
-625 -673 -214
-372 -845 -415
651 -741 615
-612 -565 219
666 -971 492
-290 -207 -159
111 -561 138
963 -490 503
955 -566 61
878 -856 -321
-732 -489 -588
830 -199 874
841 -475 123
997 -47 630
-718 -4 -181
389 -425 702
-813 -618 -36
-543 -188 -607
925 -493 -460
-381 -581 -140
662 -523 298
-335 -837 -2
714 -779 608
866 -707 21
-999 -300 -390
-844 -356 -549
-729 252 -486
726 -272 -93
-878 -505 182
-476 -270 -583
592 -658 351
-598 -226 122
-498 -238 8
676 -962 19
750 -460 -163
769 -631 236
140 -584 -473
699 -509 617
-828 -617 -414
818 -279 600
-720 -52 307
688 -625 522
-911 -734 -348
243 10 466
203 -651 598
781 -724 486
-17 -557 -635
-286 -986 -649
632 -562 627
461 -587 412
827 -625 287
-671 -699 114
-209 -587 -309
-632 -833 -484
605 -723 392
-193 -536 -405
752 -781 -209
955 -628 -82
-701 -383 -439
-397 -528 100
927 -692 161
927 -809 145
-536 72 -432
617 -13 326
803 -22 406
-540 -359 224
-874 -443 45
491 -176 377
909 49 709
-246 -881 -25
-991 -128 -331
779 24 512
-888 -388 -594
-559 -917 -397
-873 -899 -45
-958 -22 -791
649 -732 851
969 -934 -89
772 -370 333
-834 86 -9
-945 -935 -295
715 -592 426
-905 -203 -505
597 -541 86
-724 -837 -379
538 -194 244
832 -185 -136
-903 -777 -543
-649 -266 -280
-650 -163 -415
444 -385 129
777 -497 145
762 -368 351
812 -325 286
-798 -645 -610
984 -909 103
-498 -223 -402
756 -180 164
-838 -605 -834
999 -445 629
878 -518 808
753 -386 236
300 100 108
-434 -143 -713
988 -277 602
845 -494 710
-191 -605 -211
830 -274 483
-508 -546 -26
-406 -557 -612
-2 -179 110
-758 -313 -201
-509 -472 -449
505 -822 477
-979 -606 -311
-716 -657 -314
-768 -515 -594
-909 -703 -443
37 -400 -370
-641 -684 -399
-612 -427 -18
-401 -721 -607
686 -226 959
787 -557 509
894 -84 458
-438 -639 88
570 -731 350
-873 -759 73
621 -452 474
-555 -900 -121
-662 -476 33
-863 -639 -466
486 -704 -2
532 -258 236
734 -829 604
224 -636 200
-134 -223 -301
781 -534 37
854 -853 296
-656 -706 -525
545 -22 589
-734 -259 -215
-382 -839 260
388 -753 51
859 -643 161
-757 -853 -282
851 -436 87
-449 -698 -178
-457 -498 -591
462 -321 250
-252 -670 -391
-436 -883 -534
651 -334 -48
665 -468 -445
859 -821 243
788 -743 565
587 -168 361
-458 -696 -49
959 -875 410
-605 -425 -434
-667 -712 -372
950 -629 441
-746 -872 -152
-819 -162 -633
906 -335 325
690 -536 271
716 -906 705
591 -566 209
706 -605 442
-466 -491 -508
-576 49 -209
585 32 28
665 -793 582
-576 -743 122
-940 -523 -143
-461 1 -313
790 -244 -18
918 -247 540
-700 -200 -194
633 -129 792
-844 -692 -424
957 -597 476
510 -690 822
811 -522 74
-915 -665 -617
823 -795 368
-336 -289 -646
391 -785 -293
-377 -372 -495
700 -462 133
-612 -730 -565
-809 -233 -608
619 -699 668
748 -647 506
-119 -905 -416
-503 -475 -252
-899 -485 140
-232 -757 -676
542 -824 102
83 105 560
-648 -856 105
-639 -484 -232
-482 -635 -899
-434 -35 135
544 -546 185
745 -194 -131
520 -729 -215
706 -465 -380
333 -732 383
561 -859 -210
926 -363 489
-709 -741 -550
-595 -216 -378
597 -42 -4
-855 -583 -717
-485 -796 -234
388 -687 155
614 -215 672
-919 -53 -672
-971 -568 61
483 -123 761
700 -699 585
961 -423 -73
981 133 273
-717 -370 123
536 -640 270
-620 -970 7
-581 -186 -125
450 -670 111
549 -129 508
966 -818 353
-788 -270 -225
527 -887 555
-619 -864 -527
939 -865 395
-654 -789 -198
575 -184 4
-731 -573 124
-156 -856 -829
-51 -14 -313
852 -544 737
-675 -455 -297
890 100 24
-322 -887 -419
749 -357 -195
-358 -603 -352
998 201 195
682 -850 -376
698 -457 -113
287 -377 494
562 -611 89
-836 -477 -331
958 -130 -105
701 -521 -529
-636 -322 -186
883 -522 814
-795 -443 -447
-514 -145 112
-691 -699 -504
543 -570 -74
570 -809 363
807 -35 355
424 -577 321
-619 -886 -630
-493 -857 -136
805 -115 347
506 -628 377
-642 -603 -440
906 -596 392
562 -376 548
-994 -789 -217
-347 -908 -419
-516 -398 -263
526 -784 170
-706 -179 -315
-541 -426 -369
-945 -884 -536
655 -373 132
-736 -362 -557
797 -350 251
882 -856 9
-536 -396 319
1000 -574 731
817 -513 422
684 -510 434
858 -317 450
285 -886 697
688 -285 238
924 324 780
-453 -684 -831
-731 -636 -231
-783 -879 -562
-290 -707 -624
-987 -391 -713
771 -432 977
801 -794 214
-230 -650 -364
867 -369 385
669 -624 525
381 -264 366
-660 -77 -489
-941 -696 -360
-929 -94 -152
873 -406 621
819 -105 644
975 -190 336
-973 -790 -388
-605 -755 -32
472 -601 -177
-902 -509 -252
882 -269 300
-671 -66 -509
-427 -528 339
538 -533 169
-895 -975 -726
948 -154 672
-534 -573 -741
-673 159 -611
-909 -339 -160
-843 -789 -416
533 -610 -344
-482 -487 -998
822 -736 728
-989 -936 -416
517 -351 334
991 -765 238
597 -329 47
553 -249 285
-300 -430 31
-745 -461 -416
459 -834 210
-264 -827 -16
783 -685 680
501 -480 470
-778 -937 -190
631 72 81
896 -435 264
-868 -181 83
-498 -569 -770
-721 -330 -152
821 -542 297
697 -72 798
98 123 294
518 -566 -241
768 -328 138
711 -210 409
971 -518 297
-889 -32 -539
741 -885 395
674 -331 256
-513 -780 -184
-561 -76 6
-632 -311 234
775 -44 474
-508 -712 -388
877 -687 254
-612 -271 -138
-834 -765 -376
-725 -553 -400
723 -332 598
703 -202 763
-976 -537 -263
896 -771 554
680 -934 490
599 -52 602
817 -284 292
954 -446 519
880 -768 357
997 -74 261
-774 -367 -699
-971 -604 -348
994 -806 56
-687 -756 -305
-335 -801 -365
694 -593 116
-684 -560 -403
918 -326 -358
606 -718 147
733 -563 -190
780 -70 372
919 -745 337
669 290 887
870 4 107
653 30 132
837 -741 313
632 -588 314
638 -456 425
-986 -684 -252
638 -594 295
-849 -602 -943
-786 -448 -71
622 -394 331
-390 -839 -200
-777 -667 -102
779 -673 536
238 -86 927
-732 -25 -560
-880 -113 505
-681 -411 -583
255 -786 143
791 -711 230
775 -269 403
702 -610 -6
662 -142 570
-938 -644 -584
128 -450 -729
-729 -554 -744
801 -955 -20
-738 -642 -700
723 -234 377
-474 -507 -246
-781 -612 -386
981 -373 652
-811 -250 -546
803 -10 101
802 -467 408
440 -287 273
785 -90 372
956 -319 -56
803 -360 442
492 -90 88
-932 -581 -469
594 -621 273
-119 -487 -181
724 -778 495
-1000 -508 153
958 -77 269
-786 -260 -391
976 -248 363
-993 -26 -320
-926 -730 -633
-205 -493 19
-298 71 -306
502 -322 195
601 -259 333
471 -878 46
-410 -629 -699
-574 -981 -75
-457 -361 -172
-769 -531 -230
-521 -703 -762
-406 -306 -128
-939 -294 -174
991 -905 559
-520 49 -793
-562 -154 -567
-665 -684 -688
635 -746 170
54 -353 607
-519 -407 -542
-854 -89 -439
-405 -501 -511
744 -476 710
591 -552 585
632 -630 10
737 -667 -59
-310 -418 -751
755 -741 180
802 -592 532
503 -510 558
-210 -652 -69
737 -529 38
432 -370 383
-709 -385 -417
-870 -915 -184
-520 -446 -424
788 -496 579
-650 -800 -324
407 -463 24
-934 -519 -10
-546 -802 157
-765 -217 -626
