769
14
1000 -567 574
-1000 413 468
-27 1000 477
-787 -1000 733
556 -659 1000
-489 -115 -1000
1000 756 200
-1000 285 -379
890 1000 -513
-339 -1000 362
621 934 1000
547 -386 -1000
1000 940 514
-1000 -847 694
-423 1000 -613
-133 -1000 625
366 -941 1000
-82 -840 -1000
1000 -950 -726
-1000 -289 -896
741 1000 -610
536 -1000 356
96 952 1000
-38 -204 -1000
1000 726 -786
-1000 -407 139
21 1000 198
-598 -1000 358
420 -230 1000
-954 149 -1000
1000 242 508
-1000 -222 -907
-399 1000 -603
897 -1000 193
-949 -451 1000
-735 945 -1000
1000 318 -472
-1000 -928 -890
-688 1000 232
-928 -1000 -267
-456 -606 1000
-596 286 -1000
1000 -761 684
-1000 -863 225
-208 1000 774
-937 -1000 720
-368 -438 1000
513 516 -1000
200 200 200
193 208 222
188 188 218
199 201 201
250 249 199
-200 200 200
-195 215 205
-222 222 222
-246 218 199
-194 204 198
-188 188 201
-198 218 178
200 -200 200
215 -199 187
188 -204 218
216 -187 214
184 -217 196
208 -208 208
199 -199 199
200 200 -201
188 204 -198
219 222 -216
176 214 -195
203 216 -187
178 187 -204
198 189 -198
-200 -200 200
-187 -187 178
-201 -214 199
-188 -204 204
-199 -219 222
-225 -225 224
-188 -225 189
-216 -178 200
-200 200 -200
-199 205 -187
-205 205 -205
-178 216 -205
-187 178 -206
-216 185 -204
-199 205 -188
200 -200 -200
205 -222 -188
187 -187 -177
178 -205 -215
199 -214 -189
216 -216 -198
214 -188 -206
-200 -200 -200
-200 -200 -200
-193 -208 -222
-188 -188 -218
-199 -201 -201
-250 -249 -199
-200 -200 -200
-195 -215 -205
-222 -222 -222
-246 -218 -199
-194 -204 -198
-188 -188 -201
-198 -218 -178
1000 829 -44
-1000 901 199
941 1000 593
917 -1000 232
374 -949 1000
58 650 -1000
1000 -558 -500
-1000 -143 658
-518 1000 -780
872 -1000 736
335 -22 1000
-357 -814 -1000
1000 -872 -384
-1000 -603 -830
20 1000 -426
-508 -1000 -424
-196 817 1000
305 -773 -1000
1000 -291 -931
-1000 -66 72
271 1000 -597
189 -1000 -411
8 108 1000
976 -104 -1000
1000 -731 238
-1000 -239 -580
-999 1000 -763
371 -1000 -183
598 -463 1000
668 -576 -1000
1000 696 434
-1000 237 -301
-915 1000 -841
-198 -1000 407
-731 424 1000
507 -151 -1000
1000 202 -293
-1000 -427 -719
333 1000 171
212 -1000 595
-624 284 1000
810 -220 -1000
1000 -135 477
-1000 -981 -597
-220 1000 -821
-544 -1000 381
598 -574 1000
-695 295 -1000
1000 -20 329
-1000 -456 521
705 1000 -195
348 -1000 937
-771 593 1000
706 -35 -1000
1000 745 814
-1000 -446 -686
-978 1000 92
-43 -1000 -613
-886 747 1000
795 857 -1000
1000 562 185
-1000 -90 -731
-237 1000 -786
918 -1000 179
444 659 1000
258 -348 -1000
1000 26 -313
-1000 984 496
404 1000 243
124 -1000 452
389 -734 1000
-74 444 -1000
1000 -440 416
-1000 -170 -386
-59 1000 -374
-430 -1000 278
-247 457 1000
440 -526 -1000
1000 -770 443
-1000 355 -959
-664 1000 -340
350 -1000 -544
627 570 1000
44 331 -1000
1000 -728 -880
-1000 -158 -995
-733 1000 814
-76 -1000 -360
917 27 1000
712 -737 -1000
1000 -401 673
-1000 -699 -952
574 1000 618
-409 -1000 -51
-563 335 1000
-90 972 -1000
1000 -761 68
-1000 515 -193
721 1000 835
-409 -1000 -550
521 602 1000
194 -280 -1000
1000 -705 983
-1000 -114 660
-486 1000 348
-560 -1000 320
208 852 1000
-724 -67 -1000
1000 6 562
-1000 950 58
-927 1000 -339
474 -1000 733
176 -740 1000
512 824 -1000
1000 -310 -58
-1000 130 527
-808 1000 732
-545 -1000 -335
-767 -597 1000
-853 -974 -1000
1000 -549 797
-1000 925 -186
952 1000 426
981 -1000 251
247 -862 1000
-459 11 -1000
1000 555 -885
-1000 -637 82
-182 1000 838
194 -1000 -784
520 -698 1000
317 -127 -1000
1000 -175 -953
-1000 158 365
161 1000 856
455 -1000 -133
-121 720 1000
-6 873 -1000
1000 44 -914
-1000 -762 182
187 1000 836
855 -1000 -291
152 912 1000
552 823 -1000
1000 -16 803
-1000 -561 454
992 1000 175
-233 -1000 48
-744 93 1000
-658 -937 -1000
1000 250 -206
-1000 457 -778
125 1000 -865
12 -1000 958
-591 79 1000
-788 853 -1000
1000 845 756
-1000 -36 -227
-406 1000 -782
38 -1000 -719
721 -856 1000
-485 -792 -1000
1000 334 599
-1000 -302 761
535 1000 193
181 -1000 46
267 689 1000
376 235 -1000
1000 829 -867
-1000 -133 -600
0 1000 -456
-468 -1000 105
874 -454 1000
473 -877 -1000
1000 658 -404
-1000 192 -733
-822 1000 -692
773 -1000 543
-315 -312 1000
-182 407 -1000
1000 -592 181
-1000 292 -11
220 1000 536
-989 -1000 659
500 -69 1000
-904 -937 -1000
1000 -407 -975
-1000 -634 -435
-433 1000 605
-708 -1000 13
-116 793 1000
-583 909 -1000
1000 481 -64
-1000 493 928
306 1000 211
328 -1000 274
-458 -491 1000
-433 885 -1000
1000 -547 989
-1000 97 -436
-897 1000 -643
-772 -1000 -382
645 -844 1000
-419 803 -1000
1000 109 -62
-1000 -563 84
698 1000 594
565 -1000 479
-497 383 1000
-508 -527 -1000
1000 -72 714
-1000 508 -536
-616 1000 -27
-516 -1000 -224
-571 300 1000
720 725 -1000
1000 423 -995
-1000 341 903
-418 1000 638
-134 -1000 -537
-400 -903 1000
-686 863 -1000
1000 -401 -243
-1000 436 196
232 1000 -152
469 -1000 -427
-857 94 1000
-852 -804 -1000
1000 -222 886
-1000 645 -426
-143 1000 -329
-399 -1000 -114
852 -606 1000
-39 -150 -1000
1000 -566 843
-1000 903 -867
-717 1000 579
-368 -1000 775
-326 302 1000
-440 696 -1000
1000 -95 148
-1000 506 -589
45 1000 158
235 -1000 -640
-139 534 1000
-296 244 -1000
1000 527 449
-1000 -488 -653
-456 1000 -999
450 -1000 697
-999 234 1000
501 744 -1000
1000 -211 -476
-1000 -624 549
783 1000 435
-422 -1000 -321
628 483 1000
77 -748 -1000
1000 148 -39
-1000 -402 60
828 1000 -354
-217 -1000 -610
596 -284 1000
-879 -509 -1000
1000 -726 146
-1000 204 440
-864 1000 -77
46 -1000 527
-531 -609 1000
430 -831 -1000
1000 -651 -424
-1000 132 380
526 1000 -903
58 -1000 -412
319 224 1000
-535 -319 -1000
1000 -183 954
-1000 863 -432
60 1000 311
-913 -1000 833
713 -44 1000
-711 -556 -1000
1000 -677 -604
-1000 733 598
59 1000 -178
-375 -1000 855
395 -874 1000
701 659 -1000
1000 -281 924
-1000 -194 -962
766 1000 347
949 -1000 791
616 535 1000
-988 -994 -1000
1000 417 252
-1000 -958 122
-9 1000 248
-985 -1000 -93
-98 -888 1000
178 -602 -1000
1000 -836 -992
-1000 -535 873
-293 1000 408
174 -1000 414
374 -241 1000
-374 895 -1000
1000 -114 14
-1000 -99 -143
-392 1000 -31
-61 -1000 719
-572 -97 1000
-212 819 -1000
1000 -121 135
-1000 -947 580
837 1000 -660
20 -1000 -413
-402 -142 1000
964 -441 -1000
1000 519 -117
-1000 -542 -430
862 1000 825
746 -1000 645
-200 -311 1000
935 -241 -1000
1000 -52 -292
-1000 969 817
147 1000 -325
-379 -1000 234
700 705 1000
-64 848 -1000
1000 710 -197
-1000 809 -170
328 1000 519
-796 -1000 -370
133 -237 1000
-807 323 -1000
1000 -530 -181
-1000 443 -946
-727 1000 759
379 -1000 959
295 585 1000
-902 269 -1000
1000 -51 -208
-1000 154 688
430 1000 -197
9 -1000 -874
261 -156 1000
-568 882 -1000
1000 -493 535
-1000 -762 614
-443 1000 552
-421 -1000 173
-238 -87 1000
906 712 -1000
1000 142 916
-1000 -497 101
-124 1000 -703
825 -1000 -821
-784 35 1000
751 633 -1000
1000 -458 -189
-1000 122 -204
-557 1000 709
-83 -1000 421
-806 737 1000
-538 -161 -1000
1000 716 888
-1000 893 -564
-609 1000 823
782 -1000 808
60 -717 1000
-777 905 -1000
1000 -300 -939
-1000 617 -796
-498 1000 -706
770 -1000 133
541 -460 1000
429 -248 -1000
1000 496 556
-1000 278 -879
-446 1000 -244
257 -1000 -339
82 933 1000
495 14 -1000
1000 868 494
-1000 638 -881
831 1000 12
33 -1000 -884
-521 531 1000
-613 -724 -1000
1000 -170 -715
-1000 -913 199
-371 1000 485
990 -1000 -149
321 421 1000
-185 767 -1000
1000 598 888
-1000 -17 201
-233 1000 -268
-269 -1000 9
-674 -289 1000
-388 -321 -1000
1000 309 -848
-1000 651 521
-149 1000 -58
570 -1000 61
-721 778 1000
-832 -220 -1000
1000 899 458
-1000 -369 661
815 1000 -276
-994 -1000 403
-363 -211 1000
-210 -211 -1000
1000 993 -960
-1000 563 -468
-333 1000 -338
679 -1000 442
675 -916 1000
485 -110 -1000
1000 -295 634
-1000 -288 -740
626 1000 49
-310 -1000 -810
406 155 1000
799 113 -1000
1000 780 -706
-1000 812 9
-213 1000 93
-871 -1000 -664
-194 -529 1000
-207 -307 -1000
1000 -681 807
-1000 362 -350
-4 1000 805
180 -1000 270
631 602 1000
925 -53 -1000
1000 -913 -298
-1000 -432 -974
-285 1000 -503
-891 -1000 543
-786 573 1000
-979 -973 -1000
1000 23 -303
-1000 -445 968
-900 1000 923
503 -1000 -130
-282 749 1000
420 -519 -1000
1000 548 605
-1000 657 773
839 1000 698
-947 -1000 725
630 621 1000
-321 -197 -1000
1000 255 -454
-1000 -242 10
-855 1000 -241
454 -1000 592
332 46 1000
-63 342 -1000
1000 533 374
-1000 587 -676
-163 1000 945
-710 -1000 -252
-350 247 1000
196 -830 -1000
1000 -685 -59
-1000 -879 -459
262 1000 588
-597 -1000 282
906 -842 1000
280 270 -1000
1000 -540 -676
-1000 102 -76
2 1000 -477
358 -1000 45
-177 507 1000
765 -175 -1000
1000 -913 288
-1000 -157 -617
-767 1000 -107
401 -1000 -484
-844 -662 1000
-168 -408 -1000
1000 946 -818
-1000 304 130
677 1000 -363
389 -1000 814
223 255 1000
-137 854 -1000
1000 -561 -450
-1000 840 -69
360 1000 621
-312 -1000 -435
-234 640 1000
300 -377 -1000
1000 -700 -704
-1000 -958 -107
235 1000 -851
841 -1000 -645
290 -920 1000
840 276 -1000
1000 -363 -18
-1000 325 -486
662 1000 -494
-474 -1000 129
-305 -473 1000
-9 948 -1000
1000 183 441
-1000 24 922
93 1000 -646
887 -1000 631
-127 629 1000
855 -274 -1000
1000 -611 -259
-1000 267 -162
-292 1000 365
-510 -1000 313
-334 543 1000
-892 -719 -1000
1000 374 -110
-1000 613 396
72 1000 378
692 -1000 -896
989 414 1000
83 -7 -1000
1000 -947 -925
-1000 -104 381
-48 1000 276
800 -1000 557
-623 -947 1000
267 494 -1000
1000 -434 382
-1000 -742 -925
-502 1000 841
696 -1000 186
809 603 1000
-764 242 -1000
1000 -806 -950
-1000 994 721
156 1000 -874
-209 -1000 620
688 7 1000
422 753 -1000
1000 -397 395
-1000 -701 78
230 1000 33
-530 -1000 -725
-42 19 1000
360 -735 -1000
1000 773 539
-1000 -435 530
531 1000 -111
717 -1000 -358
-135 877 1000
-739 921 -1000
1000 151 -642
-1000 973 407
0 1000 -574
469 -1000 43
-363 725 1000
-823 636 -1000
1000 168 987
-1000 237 -634
943 1000 -756
541 -1000 -483
791 -945 1000
-851 131 -1000
1000 -869 -76
-1000 953 567
377 1000 292
-806 -1000 281
928 179 1000
-733 -520 -1000
1000 -225 -859
-1000 -331 -143
747 1000 264
415 -1000 -604
56 -483 1000
980 -149 -1000
1000 -772 71
-1000 -225 -810
-175 1000 369
274 -1000 -799
312 957 1000
454 187 -1000
1000 286 -542
-1000 53 67
972 1000 936
-149 -1000 139
332 -660 1000
-245 884 -1000
1000 -291 198
-1000 -665 -479
-132 1000 -522
845 -1000 -983
843 765 1000
-699 341 -1000
1000 665 -183
-1000 -483 610
147 1000 -698
-133 -1000 -813
361 -747 1000
-89 -80 -1000
1000 789 232
-1000 986 -314
-721 1000 -197
934 -1000 -503
-358 -444 1000
811 -436 -1000
1000 -936 232
-1000 -69 -812
-385 1000 -558
863 -1000 714
799 692 1000
383 955 -1000
1000 -414 -624
-1000 -127 -141
722 1000 767
-764 -1000 -668
268 452 1000
-500 880 -1000
1000 -153 -325
-1000 63 -65
901 1000 -372
757 -1000 -65
951 -333 1000
-673 892 -1000
1000 966 -386
-1000 -797 -707
990 1000 -903
-262 -1000 -670
-231 364 1000
444 551 -1000
1000 453 455
-1000 210 701
-353 1000 -280
-128 -1000 -35
619 26 1000
-415 -668 -1000
1000 -326 -43
-1000 412 281
-991 1000 -3
187 -1000 -451
779 -290 1000
234 -578 -1000
1000 421 429
-1000 -707 -83
-27 1000 -705
904 -1000 -20
1000 1000 1000
-1000 1000 1000
1000 -1000 1000
1000 1000 -1000
-1000 -1000 1000
-1000 1000 -1000
1000 -1000 -1000
-1000 -1000 -1000
