1000
11
421 326 472 
-869 569 -91 
189 149 -770 
-507 899 -563 
-571 838 758 
166 -742 353 
-302 226 -228 
-809 -125 151 
-429 888 191 
362 -109 -978 
-280 778 -570 
710 -673 -647 
-920 -551 237 
-350 215 -100 
935 35 -294 
92 -901 642 
903 299 -458 
-940 335 -240 
650 -292 -853 
-746 -202 -261 
-859 264 661 
-851 -246 118 
195 808 -399 
412 -791 908 
-397 -317 -529 
129 511 -542 
-631 95 874 
868 -361 143 
189 133 -2 
-638 -975 526 
-89 -934 -684 
-528 56 255 
-84 -129 211 
-227 566 -822 
685 -584 -207 
-481 -890 -794 
-282 929 -907 
-665 -705 -831 
-109 -244 566 
95 -664 -190 
-163 768 716 
-947 269 -640 
43 733 657 
559 456 -572 
873 353 -374 
587 -738 -219 
170 106 263 
-919 600 -914 
18 755 -97 
-280 433 901 
-133 823 -276 
318 222 -688 
-29 -145 277 
343 835 -942 
381 -795 -948 
-843 953 -1 
824 697 485 
-246 -400 -823 
-860 -527 -562 
-14 -890 521 
411 -754 -894 
-597 135 -62 
948 -188 777 
998 97 629 
856 -485 769 
-926 -393 320 
493 -10 292 
-105 763 633 
501 -978 -634 
377 -486 -127 
-227 977 -966 
-656 -377 -705 
167 824 -804 
146 -737 -366 
933 910 -704 
932 56 179 
-528 -786 -175 
-875 371 133 
-184 -982 699 
437 -712 313 
-99 -640 886 
661 847 -851 
-863 349 660 
-223 -859 866 
-897 -596 -172 
362 -939 -361 
447 140 138 
-194 -504 -631 
-999 -405 885 
707 788 288 
-283 -137 809 
-261 364 243 
516 -46 -89 
291 -200 -111 
-564 555 485 
-604 382 -28 
566 99 -300 
-938 455 -397 
437 482 -410 
690 -134 471 
-560 -653 335 
-311 669 -249 
355 -726 -763 
-46 715 -229 
-120 -630 -910 
-138 916 -734 
914 -746 -35 
-630 -331 -938 
-608 924 -213 
194 -259 500 
-777 -592 -331 
642 -412 462 
-273 -148 893 
-402 -536 -459 
880 -508 -92 
854 787 -1000 
-943 -728 113 
-639 -582 -744 
484 -469 760 
-230 -269 883 
224 565 263 
161 -137 661 
228 -271 -730 
575 -835 815 
65 110 321 
-954 155 -800 
202 -87 944 
421 -197 981 
42 -635 -285 
793 644 -244 
-704 143 -662 
-452 -797 -176 
-127 -337 923 
633 426 -616 
-130 -119 900 
-604 142 -767 
-349 64 -906 
25 -521 692 
-538 228 -610 
-46 180 98 
128 85 650 
-159 528 859 
17 275 -133 
943 -945 894 
301 -810 798 
-73 384 -398 
771 -409 454 
867 -70 -87 
-693 -514 856 
673 -421 -354 
-273 -190 650 
715 311 807 
834 675 497 
506 -817 -426 
-52 771 -169 
865 719 962 
-300 -938 676 
-421 -203 -959 
850 170 70 
908 241 515 
785 -21 364 
-812 -257 600 
-259 -441 -620 
-185 801 18 
-610 -534 516 
748 -7 -196 
801 -689 -227 
-932 -133 876 
-62 602 884 
-803 654 -134 
142 -789 -104 
850 749 -285 
-139 864 -43 
-213 -315 524 
-41 127 -457 
4 -450 964 
969 -49 -189 
151 971 307 
171 -102 626 
714 -676 201 
956 -450 271 
413 410 -94 
-288 -881 -638 
806 -868 -285 
-660 296 -389 
925 -875 13 
437 585 749 
-458 -193 -20 
846 -527 -316 
-541 -398 951 
-771 -600 -674 
142 569 97 
-562 -228 877 
739 -504 -849 
-428 -647 267 
171 -891 854 
350 -867 614 
-420 787 -966 
-875 175 -331 
-211 792 -836 
337 -498 -168 
322 192 364 
548 595 -733 
633 -721 222 
-820 -27 -426 
-31 -361 -633 
-759 559 -234 
335 16 -144 
-255 -51 -467 
949 791 210 
621 240 588 
-670 629 -672 
912 -631 164 
661 121 -329 
-402 -586 -195 
-449 80 198 
951 -860 -463 
111 26 471 
917 -232 -912 
-1000 -709 267 
10 363 -915 
-25 -209 230 
991 501 351 
-370 -289 127 
685 192 -521 
13 624 -367 
816 -148 -313 
-707 -622 803 
864 -961 -810 
-468 508 -610 
-580 201 239 
916 -651 -597 
808 -588 -956 
-39 -638 -697 
633 -346 39 
-445 24 910 
12 325 -661 
266 -677 -543 
-250 -439 483 
-919 406 -265 
889 -446 305 
490 786 -107 
321 726 -756 
-581 344 128 
11 6 975 
181 -647 990 
592 -447 -310 
-868 251 545 
-409 -993 139 
-590 -745 -41 
986 -297 1 
-66 774 -681 
-568 -861 -998 
698 -365 -867 
599 467 50 
557 253 -138 
-256 5 7 
-262 -185 -659 
149 733 317 
-844 -416 -123 
618 -621 -261 
154 532 -910 
178 -55 -906 
-637 592 733 
-449 -259 528 
22 714 591 
989 -209 -870 
458 552 -773 
997 -478 -329 
6 943 243 
607 983 374 
883 436 528 
605 -17 495 
901 42 699 
729 -159 -851 
841 977 -88 
627 872 -689 
-407 383 -240 
612 101 -214 
-123 855 227 
-983 735 -784 
-740 -394 -813 
-705 987 -82 
-579 -128 -363 
-278 -208 918 
743 -486 23 
-550 -337 703 
-932 434 220 
6 902 733 
328 186 808 
336 -755 -712 
-818 171 63 
-480 37 31 
478 -286 894 
-481 522 -523 
837 307 -168 
-724 498 -134 
903 -214 996 
400 755 -417 
427 265 -252 
-66 -521 -74 
-188 701 659 
644 -625 417 
-20 239 832 
736 1000 -101 
-690 -196 -711 
-194 943 -357 
967 666 247 
698 -819 940 
-726 790 228 
368 641 854 
-10 -615 567 
-272 -874 -71 
274 -693 528 
418 -281 582 
855 -653 839 
-422 -60 43 
154 618 556 
487 253 -137 
341 -27 63 
275 -729 -507 
-937 629 -548 
238 44 79 
965 727 200 
-169 -450 180 
-865 -982 -278 
-135 -718 885 
681 746 245 
-479 81 768 
646 -120 725 
807 836 -731 
647 -141 -19 
-154 471 203 
683 -267 173 
-520 643 -586 
613 294 969 
-873 701 -640 
179 572 121 
-808 -893 782 
-139 -299 -830 
206 -338 810 
-12 -361 587 
-506 -941 -626 
653 -504 406 
-338 392 510 
-971 -150 353 
-573 -112 619 
975 947 -329 
-453 -342 -927 
-826 423 -61 
-700 -916 -205 
193 331 462 
368 812 529 
-535 -437 69 
198 849 418 
-839 -273 -503 
495 -277 898 
-333 765 -836 
-590 172 -973 
437 723 499 
1 -337 -114 
-638 372 317 
-847 -934 -804 
940 -387 -502 
-801 262 812 
868 521 976 
596 482 -777 
-239 418 -634 
580 -27 835 
-397 552 -513 
696 607 -324 
436 -902 81 
-67 605 531 
-321 62 288 
-498 -18 637 
-702 194 709 
-108 347 -101 
607 772 -946 
-977 516 5 
903 385 -148 
268 -703 -390 
542 952 -254 
240 896 -561 
-919 801 215 
78 -115 801 
-440 -976 -122 
269 -558 -408 
657 -922 -615 
847 392 286 
355 307 -374 
-408 148 -859 
-473 -9 -893 
638 -879 834 
549 859 434 
-552 723 476 
-436 601 102 
-120 -373 -905 
664 -712 245 
266 -703 702 
848 418 623 
407 -93 351 
568 427 889 
78 -866 -555 
-259 81 -666 
479 530 -735 
656 -842 -769 
558 871 688 
68 -939 -965 
834 -840 -657 
-382 681 501 
-381 41 -238 
786 -82 -911 
958 732 -393 
652 813 -384 
-146 643 29 
-531 688 -589 
584 524 381 
-416 -928 -664 
471 -785 404 
27 -966 -112 
-143 932 -515 
763 323 767 
60 12 -70 
-458 -383 242 
936 -769 15 
861 460 -450 
-150 535 -764 
899 184 -647 
725 590 180 
-109 99 -300 
241 -313 369 
-292 -195 476 
-64 -170 -811 
-17 665 909 
-541 647 -736 
649 -4 769 
-270 685 568 
-468 156 573 
-454 678 597 
276 -158 129 
205 -204 -452 
-271 24 -190 
-184 -336 -1 
817 338 145 
694 -907 303 
643 -742 548 
-694 15 -18 
-502 502 -808 
22 -897 791 
607 -147 -808 
-611 61 -22 
231 642 -775 
307 83 -892 
-760 -114 712 
544 -631 118 
714 107 654 
782 593 687 
788 675 125 
-80 -959 707 
450 -701 953 
-724 -414 -925 
65 512 -124 
455 741 -425 
383 593 836 
818 -366 -863 
487 611 27 
-713 893 334 
129 -457 341 
11 602 421 
-301 -878 -842 
-719 -780 679 
-428 751 205 
-663 536 390 
-614 699 -846 
-520 -359 -155 
-45 -539 -87 
-94 938 39 
854 -288 58 
897 -251 -828 
-752 -207 786 
-465 -617 179 
322 -916 98 
916 -699 66 
-738 137 -942 
893 701 42 
827 -873 721 
101 -88 -822 
145 -842 -1 
-731 781 952 
-788 405 -986 
-922 855 691 
-299 -115 -70 
560 -632 188 
-213 17 239 
-530 254 449 
-230 -919 -566 
-417 847 -852 
918 -51 -636 
904 -446 -880 
731 -632 161 
731 -721 622 
982 175 703 
-341 384 75 
181 255 448 
-893 -567 716 
-518 996 -371 
767 672 120 
711 -254 263 
32 -461 279 
528 -15 912 
-116 11 -973 
-467 359 593 
246 890 916 
-833 634 -124 
903 331 114 
-184 -601 -681 
-583 -615 992 
483 -45 -459 
932 -18 101 
-214 -641 993 
-880 -527 21 
18 676 -210 
361 -979 884 
-859 901 -755 
663 730 -819 
-279 96 814 
-867 667 -603 
-397 -319 82 
-48 -858 -210 
470 264 712 
-415 -576 -119 
-458 272 -149 
-248 -474 84 
651 -673 -851 
542 54 114 
622 593 577 
521 -121 427 
-76 354 -754 
-245 -535 605 
838 297 -324 
25 101 242 
74 690 -789 
408 841 879 
-44 56 495 
267 721 732 
-752 -65 49 
879 -273 -435 
749 849 -951 
430 101 -157 
-339 288 -53 
176 -453 -598 
424 -706 -293 
808 -624 919 
445 -298 -926 
-398 687 512 
771 -321 58 
-889 2 52 
304 -977 385 
126 410 -201 
-840 891 -375 
-469 189 796 
116 347 780 
816 -934 -111 
729 -560 25 
17 234 -364 
348 138 876 
134 327 -468 
826 239 -343 
-74 710 -331 
166 309 -170 
881 -794 982 
-776 -686 567 
140 -125 -458 
318 14 752 
-599 296 -367 
-463 583 -106 
-898 519 484 
576 211 902 
-898 -996 -697 
-949 -179 632 
488 323 345 
308 -295 96 
-651 674 175 
355 -67 23 
-712 884 713 
-659 762 81 
-675 -813 466 
629 -912 -878 
-164 988 -547 
13 -980 54 
-765 -6 -744 
345 -675 651 
385 -865 -250 
-740 -755 903 
620 -465 -774 
-610 937 511 
-48 445 -50 
549 903 -453 
531 -100 -189 
-135 992 392 
-402 183 -853 
-531 -98 -551 
-297 -391 692 
351 -857 -549 
542 587 90 
142 -929 -607 
-800 -572 584 
723 559 959 
-395 881 -952 
-391 -481 889 
833 272 730 
-612 -89 963 
-120 -474 -902 
394 -725 27 
-419 233 747 
-68 412 74 
404 799 -627 
380 -314 904 
308 -919 -917 
-341 -394 350 
-763 707 997 
921 -743 272 
690 669 -310 
905 -318 261 
-28 520 -782 
217 836 855 
203 -134 356 
577 987 544 
-856 632 22 
805 929 7 
19 107 -798 
443 12 -985 
876 851 -953 
-698 -129 340 
-981 -397 102 
-699 257 -401 
722 472 899 
-471 547 -882 
-839 157 638 
-552 -995 -671 
-252 -228 560 
-472 428 240 
-976 -698 -293 
-157 -78 853 
856 63 -293 
908 637 546 
739 529 904 
-721 -691 265 
586 -41 -194 
-319 995 -824 
-860 -897 569 
-992 -266 -697 
946 -989 -383 
-615 -297 135 
-105 -769 -205 
150 700 747 
-509 693 -680 
760 -222 94 
-215 977 566 
597 -345 961 
685 -382 -605 
12 -345 -141 
-683 213 -921 
152 -500 -992 
958 328 -289 
822 321 -709 
-109 43 -553 
-121 -546 529 
-772 -278 -764 
131 -713 -717 
271 -392 -838 
728 -29 273 
-803 -595 -115 
-111 319 -500 
-630 525 992 
-624 -140 663 
-632 710 788 
-818 -3 -664 
-406 363 -362 
704 218 -224 
790 377 -961 
755 -150 76 
172 -701 811 
-704 650 630 
-811 -894 -98 
-206 -708 -571 
-51 -229 843 
862 556 -116 
-51 -970 604 
-737 -351 -534 
-871 -613 930 
-425 228 626 
-49 498 285 
-330 971 -944 
-417 -170 -344 
338 -127 33 
600 -757 -13 
370 95 984 
-400 -154 342 
-113 715 285 
635 -178 -436 
103 127 778 
814 -59 -61 
-755 929 973 
-808 -830 131 
311 -614 37 
991 51 815 
-652 31 -691 
152 425 -184 
-375 -690 -530 
620 858 759 
-800 979 -364 
751 36 131 
-509 283 -496 
761 -833 -533 
-949 -317 516 
817 -984 -854 
-952 306 -398 
387 207 -544 
-439 -94 527 
-769 -528 -798 
448 51 792 
-252 -751 -79 
-672 -774 146 
954 791 -813 
145 -604 984 
184 367 358 
-870 351 916 
263 402 -861 
-211 386 -181 
593 -811 404 
466 808 -117 
-382 527 -315 
684 722 -473 
-790 -835 -970 
-90 886 92 
-677 412 559 
19 260 215 
-650 -603 832 
197 -273 -829 
-837 -471 751 
-15 -411 -121 
493 -129 -559 
505 116 296 
-967 -403 578 
389 621 186 
180 -60 929 
-675 241 -614 
-661 112 702 
140 -223 451 
563 738 -767 
349 720 -18 
-318 780 -881 
235 -552 408 
-261 117 -42 
-16 -146 329 
-99 -284 -643 
-137 895 -672 
545 -385 -138 
828 383 -478 
-740 -173 -960 
707 19 -569 
-566 -258 673 
759 692 -124 
891 -525 -195 
-102 -111 -248 
577 -177 -863 
-226 128 199 
-736 296 -893 
-205 -646 -952 
-508 3 -958 
-707 -813 -334 
-340 459 787 
-891 -832 694 
-367 -258 -401 
899 -657 288 
89 -624 447 
-402 393 -395 
-196 -998 -400 
333 310 679 
985 41 -499 
659 740 355 
-914 -853 349 
42 -1000 252 
321 443 -738 
-265 548 856 
309 913 462 
-774 240 95 
598 142 -978 
73 -152 326 
463 -562 -551 
574 810 144 
-756 912 629 
-278 -169 719 
315 699 -436 
-589 -119 386 
-746 -922 69 
-661 -538 -616 
82 981 876 
894 -371 -437 
-771 -998 -780 
-572 297 791 
-302 841 -123 
-862 -35 246 
768 -910 -142 
33 516 -259 
-60 459 -368 
288 -958 -793 
149 893 933 
-625 279 308 
-601 883 -302 
559 923 -1000 
-844 94 539 
-831 -167 496 
250 -651 -993 
682 459 -346 
-701 617 -833 
-774 -409 -400 
-222 -449 866 
-635 281 -958 
303 317 339 
741 -213 942 
-781 -668 870 
727 184 -226 
206 653 215 
360 -909 -618 
-179 -384 -120 
-257 -222 785 
344 136 -976 
-890 -610 858 
-290 705 849 
-571 672 448 
-95 -382 692 
-198 958 437 
-852 -544 80 
466 519 398 
-306 989 479 
-75 695 141 
706 -496 -566 
524 -242 -614 
-850 676 -879 
551 -753 566 
280 455 -630 
-692 -387 386 
386 -93 -737 
-80 -691 690 
334 -324 -444 
-418 63 866 
490 -546 710 
-904 656 -712 
-742 401 -777 
195 32 40 
-28 781 -244 
402 -745 -41 
-197 579 235 
185 376 -330 
874 649 759 
108 -415 411 
-697 400 -369 
976 -410 -802 
-218 -531 67 
-157 -583 -157 
-185 411 -979 
987 -82 -380 
635 -152 50 
-11 -8 487 
978 -279 -224 
-317 820 60 
566 244 -728 
860 -922 -184 
-22 -59 103 
-140 -867 -106 
193 957 988 
165 -43 687 
844 81 29 
-63 -483 -639 
-860 -765 619 
-122 516 -971 
397 -832 935 
74 756 306 
-768 -889 -325 
742 -437 -281 
663 206 -111 
372 906 624 
454 259 -526 
-155 -627 -527 
193 406 -832 
694 -907 338 
36 -600 338 
226 -431 -802 
-511 680 25 
184 -156 -407 
-803 445 -980 
154 -793 302 
988 -124 121 
-624 -11 -998 
-666 801 992 
599 524 -46 
-908 -905 408 
924 415 -67 
-13 761 876 
743 -937 -328 
678 976 -652 
832 -114 628 
-704 411 -97 
-88 629 330 
615 -268 861 
256 733 860 
-513 825 741 
672 328 701 
-301 170 623 
-196 -49 -159 
-274 -628 -691 
-231 -978 982 
-75 -976 -642 
-642 404 -275 
-813 227 240 
405 115 -584 
-306 -587 -975 
-515 229 -525 
817 -793 -763 
785 349 696 
343 -630 592 
-501 594 -774 
267 -625 325 
-876 661 -200 
-20 920 -599 
331 -681 764 
-521 -917 440 
-727 -25 665 
-518 -146 760 
138 -562 -902 
-67 -73 162 
61 -666 -231 
-333 793 769 
60 -320 490 
846 155 445 
818 -9 392 
-822 34 987 
-963 309 265 
154 -16 -508 
337 424 -331 
-14 -152 -215 
777 693 -233 
-740 -348 777 
-257 853 588 
506 -248 612 
396 860 664 
-915 -268 326 
-85 865 -499 
785 98 499 
285 -105 190 
928 -891 921 
-317 -651 -811 
747 619 331 
859 137 250 
-702 -542 -97 
602 216 827 
-809 630 172 
-102 -460 -167 
-736 696 -910 
337 215 -284 
504 -676 493 
337 -672 -882 
-307 215 388 
-440 -37 872 
-639 -105 164 
-542 -678 -724 
599 -561 447 
4 -418 594 
-414 884 -627 
684 414 -695 
-105 -391 553 
-937 -831 -673 
760 455 441 
521 894 -524 
580 -458 277 
863 290 745 
-359 -168 782 
455 -354 -993 
-593 241 942 
3 104 -924 
830 720 -322 
-463 238 -528 
668 634 -493 
710 266 479 
587 222 43 
-334 666 -64 
358 -843 -115 
-187 -215 -167 
-384 -610 131 
-282 229 631 
-741 493 746 
53 -535 276 
-715 -80 243 
760 -636 691 
-856 -842 451 
661 17 -170 
785 281 171 
754 811 492 
