65
8
0 0 0
125 125 125
-125 125 -125
-125 125 125
-125 -125 -125
-125 -125 125
125 -125 -125
125 -125 125
125 125 -125
250 250 250
-250 250 -250
-250 250 250
-250 -250 -250
-250 -250 250
250 -250 -250
250 -250 250
250 250 -250
375 375 375
-375 375 -375
-375 375 375
-375 -375 -375
-375 -375 375
375 -375 -375
375 -375 375
375 375 -375
500 500 500
-500 500 -500
-500 500 500
-500 -500 -500
-500 -500 500
500 -500 -500
500 -500 500
500 500 -500
625 625 625
-625 625 -625
-625 625 625
-625 -625 -625
-625 -625 625
625 -625 -625
625 -625 625
625 625 -625
750 750 750
-750 750 -750
-750 750 750
-750 -750 -750
-750 -750 750
750 -750 -750
750 -750 750
750 750 -750
875 875 875
-875 875 -875
-875 875 875
-875 -875 -875
-875 -875 875
875 -875 -875
875 -875 875
875 875 -875
1000 1000 1000
-1000 1000 -1000
-1000 1000 1000
-1000 -1000 -1000
-1000 -1000 1000
1000 -1000 -1000
1000 -1000 1000
1000 1000 -1000
