45
10
875 301 -157
-333 -322 -905
172 -832 -901
170 214 554
66 -903 -601
909 501 -206
-893 -591 700
944 778 -253
946 153 -498
719 831 -298
127 458 675
-701 436 -996
348 669 -632
363 -268 776
111 -302 -309
739 -108 64
460 -269 -191
365 -930 -469
-279 632 633
333 -667 299
35 523 873
464 727 -618
-446 -819 128
280 447 458
551 637 985
-653 919 891
769 137 809
674 -444 724
-127 -66 -307
723 788 554
39 -845 -332
-641 845 -739
-806 379 -47
-502 -897 -548
-123 34 167
-869 -231 -606
-165 757 -479
28 529 692
-878 344 409
829 -326 -423
70 291 -167
-262 184 457
-177 -345 434
948 -316 -601
-323 -546 -82
